#YY  MM DD hh mm WVHT  SwH  SwP  WWH  WWP SwD WWD  STEEPNESS  APD MWD
#yr  mo dy hr mn    m    m  sec    m  sec  -  degT     -      sec degT
2023 12 04 00 56  1.3  0.4 12.5  1.2  8.3 NNE NNE    AVERAGE  6.5  32
2023 12 04 00 26  1.3  0.3 12.5  1.2  7.7 NNE  NE    AVERAGE  6.4  38
2023 12 03 23 56  1.3  0.4 12.5  1.2  7.1 NNE NNE    AVERAGE  6.3  32
2023 12 03 23 26  1.4  0.5 12.5  1.4  8.3  NE  NE    AVERAGE  6.6  40
2023 12 03 22 56  1.3  0.4 12.5  1.2  7.7  NE NNE    AVERAGE  6.4  32
2023 12 03 22 26  1.4  0.5 12.5  1.3  7.7  NE NNE    AVERAGE  6.3  29
2023 12 03 21 56  1.4  0.5 12.5  1.4  7.7  NE NNE    AVERAGE  6.4  33
2023 12 03 21 26  1.4  0.5 12.5  1.4  7.7 NNE NNE    AVERAGE  6.3  32
2023 12 03 20 56  1.4  0.4 12.5  1.4  8.3 NNE NNE    AVERAGE  6.3  29
2023 12 03 20 26  1.4  0.4 12.5  1.3  7.1 NNE NNE      STEEP  6.0  32
2023 12 03 19 56  1.5  0.4 11.8  1.5  7.7  NE NNE    AVERAGE  6.2  31
2023 12 03 19 26  1.5  0.4 12.5  1.4  7.7 NNE  NE    AVERAGE  6.1  35
2023 12 03 18 56  1.4  0.3 12.5  1.3  7.7 NNE NNE    AVERAGE  6.0  31
2023 12 03 18 26  1.5  0.4 12.5  1.4  7.7 NNE  NE    AVERAGE  6.1  35
2023 12 03 17 56  1.4  0.4 12.5  1.4  7.7 NNE NNE    AVERAGE  6.0  32
2023 12 03 17 26  1.6  0.4 12.5  1.5  7.7 NNE NNE    AVERAGE  6.2  31
2023 12 03 16 56  1.4  0.4 13.3  1.4  7.7 NNE NNE    AVERAGE  5.8  26
2023 12 03 16 26  1.4  0.4 11.1  1.3  7.7 NNE  NE    AVERAGE  5.9  43
2023 12 03 15 56  1.5  0.3 13.3  1.4  7.7 NNE NNE    AVERAGE  5.8  25
2023 12 03 15 26  1.6  0.3 10.5  1.5  8.3 NNE NNE    AVERAGE  5.8  33
2023 12 03 14 56  1.6  0.3 12.5  1.5  8.3 NNE NNE    AVERAGE  5.8  33
2023 12 03 14 26  1.6  0.3 12.5  1.6  8.3 NNE NNE    AVERAGE  5.8  33
2023 12 03 13 56  1.6  0.4 10.5  1.6  7.7 NNE NNE    AVERAGE  5.8  33
2023 12 03 13 26  1.8  0.3 10.5  1.7  8.3 NNE NNE    AVERAGE  5.8  31
2023 12 03 12 56  1.7  0.3 10.5  1.7  7.7 NNE  NE      STEEP  5.8  38
2023 12 03 12 26  1.6  0.3 11.1  1.6  8.3 NNE NNE    AVERAGE  5.7  31
2023 12 03 11 56  1.6  0.3 13.3  1.6  7.7 NNE  NE    AVERAGE  5.7  35
2023 12 03 11 26  1.6  0.3 11.1  1.6  6.7 NNE NNE      STEEP  5.6  32
2023 12 03 10 56  1.7  0.3 11.1  1.7  8.3 NNE NNE    AVERAGE  5.8  31
2023 12 03 10 26  1.7  0.3 10.5  1.7  8.3 NNE NNE    AVERAGE  5.7  25
2023 12 03 09 56  1.7  0.3 10.5  1.6  8.3 NNE NNE    AVERAGE  5.8  24
2023 12 03 09 26  1.7  0.2 10.5  1.7  8.3 NNE NNE    AVERAGE  5.9  28
2023 12 03 08 56  1.7  0.3 11.1  1.7  8.3 NNE NNE    AVERAGE  5.9  26
2023 12 03 08 26  1.8  0.3 10.5  1.8  7.7 NNE NNE      STEEP  6.0  26
2023 12 03 07 56  1.7  0.3 10.5  1.7  8.3  NE NNE    AVERAGE  5.9  25
2023 12 03 07 26  1.6  0.3 10.5  1.6  7.7 NNE NNE    AVERAGE  5.8  28
2023 12 03 06 56  1.6  0.3 10.5  1.6  8.3 NNE NNE    AVERAGE  6.0  26
2023 12 03 06 26  1.5  0.2 11.1  1.5  8.3 NNE NNE    AVERAGE  5.9  26
2023 12 03 05 56  1.7  0.2 10.5  1.7  8.3 NNE NNE    AVERAGE  6.2  28
2023 12 03 05 26  1.7  0.3 10.5  1.7  8.3 NNE NNE    AVERAGE  6.2  31
2023 12 03 04 56  1.7  0.2 10.5  1.7  8.3   N NNE    AVERAGE  6.2  32
2023 12 03 04 26  1.5  0.3 10.5  1.5  8.3 NNE NNE    AVERAGE  6.1  24
2023 12 03 03 56  1.6  0.3 11.1  1.6  8.3 NNE NNE    AVERAGE  6.2  29
2023 12 03 03 26  1.7  0.3 10.5  1.7  8.3 NNE NNE    AVERAGE  6.3  24
2023 12 03 02 56  1.8  0.3 10.5  1.7  8.3   N NNE    AVERAGE  6.3  22
2023 12 03 02 26  1.6  0.3 10.5  1.6  7.7 NNE NNE    AVERAGE  6.3  26
2023 12 03 01 56  1.7  0.3 10.5  1.6  8.3 NNE NNE    AVERAGE  6.2  26
2023 12 03 01 26  1.7  0.3 10.5  1.7  8.3 NNE NNE    AVERAGE  6.3  22
2023 12 03 00 56  1.7  0.3 11.1  1.7  8.3 NNE NNE    AVERAGE  6.2  22
2023 12 03 00 26  1.7  0.3 11.1  1.7  9.1 NNE NNE    AVERAGE  6.2  17
2023 12 02 23 56  1.6  0.3 10.5  1.6  8.3 NNE NNE    AVERAGE  6.1  24
2023 12 02 23 26  1.7  0.3 11.1  1.7  9.1 NNE NNE    AVERAGE  6.3  26
2023 12 02 22 56  1.7  0.3 10.5  1.7  8.3 NNE NNE    AVERAGE  6.2  18
2023 12 02 22 26  1.7  0.3 10.5  1.7  8.3 NNE NNE    AVERAGE  6.0  22
2023 12 02 21 56  1.7  0.3 10.5  1.7  9.1 NNE NNE    AVERAGE  6.2  18
2023 12 02 21 26  1.7  0.4 10.5  1.7  9.1 NNE NNE    AVERAGE  6.2  19
2023 12 02 20 56  1.6  0.3 10.5  1.6  9.1 NNE NNE    AVERAGE  5.8  18
2023 12 02 20 26  1.8  0.3 11.1  1.8  8.3 NNE NNE    AVERAGE  6.1  15
2023 12 02 19 56  1.6  0.3 11.1  1.6  9.1 NNE NNE    AVERAGE  6.0  24
2023 12 02 19 26  1.7  0.5 10.5  1.7  9.1 NNE   N    AVERAGE  6.2  11
2023 12 02 18 56  1.9  0.4 10.5  1.8  9.1 NNE NNE    AVERAGE  6.3  18
2023 12 02 18 26  1.8  0.5 10.5  1.7  9.1 NNE NNE    AVERAGE  6.5  21
2023 12 02 17 56  1.7  0.4 10.5  1.7  9.1 NNE NNE    AVERAGE  6.4  14
2023 12 02 17 26  1.8  0.5 10.5  1.8  9.1 NNE NNE    AVERAGE  6.4  19
2023 12 02 16 56  1.9  0.5 10.5  1.8  9.1 NNE NNE    AVERAGE  6.5  21
2023 12 02 16 26  1.6  0.5 10.5  1.6  9.9 NNE   N    AVERAGE  6.6   8
2023 12 02 15 56  1.6  0.5 10.5  1.5  9.1 NNE NNE    AVERAGE  6.5  17
2023 12 02 15 26  1.6  0.4 11.1  1.5  9.1 NNE   N    AVERAGE  6.4  11
2023 12 02 14 56  1.6  0.4 10.5  1.6  9.1   N   N    AVERAGE  6.7  10
2023 12 02 14 26  1.6  0.4 10.5  1.6  9.9 NNE   N    AVERAGE  6.7   8
2023 12 02 13 56  1.6  0.4 11.1  1.6  9.1   N NNE    AVERAGE  6.7  12
2023 12 02 13 26  1.4  0.5 10.5  1.4  9.1 NNE NNE    AVERAGE  6.3  12
2023 12 02 12 56  1.5  0.5 10.5  1.4  9.9 NNE   N    AVERAGE  6.7  11
2023 12 02 12 26  1.4  0.5 10.5  1.4  9.1 NNE   N    AVERAGE  6.6  10
2023 12 02 11 56  1.5  0.5 10.5  1.5  9.1   N   N    AVERAGE  6.5   8
2023 12 02 11 26  1.4  0.5 10.5  1.4  9.1 NNE   N    AVERAGE  6.5  10
2023 12 02 10 56  1.4  0.4 10.5  1.4  9.1   N   N    AVERAGE  6.4   1
2023 12 02 10 26  1.5  0.5 10.5  1.4  9.1   N   N    AVERAGE  6.4  10
2023 12 02 09 56  1.3  0.4 10.5  1.3  9.9   N NNE    AVERAGE  5.9  12
2023 12 02 09 26  1.3  0.5 10.5  1.3  9.1   N   N    AVERAGE  6.1   1
2023 12 02 08 56  1.4  0.5 10.5  1.4  9.1   N   N    AVERAGE  6.4   2
2023 12 02 08 26  1.4  0.6 10.5  1.3  9.9   N   N    AVERAGE  6.5 360
2023 12 02 07 56  1.3  0.4 10.5  1.2  9.1   N   N    AVERAGE  5.6 360
2023 12 02 07 26  1.3  0.5 10.5  1.2  9.9   N   N    AVERAGE  6.0   8
2023 12 02 06 56  1.3  0.5 10.5  1.3  9.9   N   N    AVERAGE  5.9 354
2023 12 02 06 26  1.3  0.4 11.1  1.2  9.1   N   N    AVERAGE  5.8   1
2023 12 02 05 56  1.2  0.5 10.5  1.1  9.1 NNE   N    AVERAGE  5.7  19
2023 12 02 05 26  1.4  0.6 11.1  1.3  9.9 NNE   N    AVERAGE  6.0  12
2023 12 02 04 56  1.4  0.6 11.1  1.2  9.9   N   N    AVERAGE  6.1   8
2023 12 02 04 26  1.3  0.5 10.5  1.2  5.6   N ENE    AVERAGE  5.8 360
2023 12 02 03 56  1.4  0.7 11.1  1.2  9.9   N   N    AVERAGE  6.2   5
2023 12 02 03 26  1.4  0.7 11.1  1.2  9.1   N   N    AVERAGE  6.1 358
2023 12 02 02 56  1.2  0.5 10.5  1.2  5.9   N ENE    AVERAGE  5.6   7
2023 12 02 02 26  1.3  0.5 11.1  1.2  5.6   N  NE    AVERAGE  5.8   2
2023 12 02 01 56  1.3  0.5 11.1  1.2  9.9   N   N    AVERAGE  5.6 360
2023 12 02 01 26  1.4  0.6 11.1  1.3  5.9   N  NE    AVERAGE  5.8   5
2023 12 02 00 56  1.3  0.6 11.1  1.2  5.9   N ENE    AVERAGE  5.8 355
2023 12 02 00 26  1.5  0.7 11.1  1.4  6.2   N  NE    AVERAGE  5.9   2
2023 12 01 23 56  1.4  0.6 11.8  1.2  9.9   N   N    AVERAGE  5.7   4
2023 12 01 23 26  1.4  0.7 10.5  1.3  5.9   N  NE    AVERAGE  5.7 358
2023 12 01 22 56  1.4  0.6 10.5  1.3  5.3   N ENE    AVERAGE  5.3 354
2023 12 01 22 26  1.4  0.6 11.1  1.3  5.6   N ENE VERY_STEEP  5.4  60
2023 12 01 21 56  1.4  0.6 10.5  1.3  5.6   N ENE VERY_STEEP  5.5  57
2023 12 01 21 26  1.4  0.7 10.5  1.2  5.9   N ENE    AVERAGE  5.5 357
2023 12 01 20 56  1.4  0.6 11.1  1.2  5.6   N  NE    AVERAGE  5.4   5
2023 12 01 20 26  1.4  0.5 11.1  1.3  9.9   N   N    AVERAGE  5.2 357
2023 12 01 19 56  1.5  0.7 11.8  1.3  5.9   N  NE    AVERAGE  5.4 357
2023 12 01 19 26  1.5  0.7 11.8  1.3  5.6   N ENE    AVERAGE  5.4 354
2023 12 01 18 56  1.4  0.6 11.8  1.3  5.6   N  NE VERY_STEEP  5.2  52
2023 12 01 18 26  1.3  0.6 12.5  1.2  6.2   N  NE    AVERAGE  5.2  10
2023 12 01 17 56  1.4  0.7 11.1  1.2  9.9   N NNE    AVERAGE  5.5   7
2023 12 01 17 26  1.4  0.6 11.8  1.3  5.9   N ENE    AVERAGE  5.3   5
2023 12 01 16 56  1.4  0.6 12.5  1.2  5.9   N ENE    AVERAGE  5.3   8
2023 12 01 16 26  1.3  0.6 11.8  1.2  9.9   N   N    AVERAGE  5.3   4
2023 12 01 15 56  1.4  0.7 11.1  1.2  5.9   N ENE    AVERAGE  5.6   2
2023 12 01 15 26  1.4  0.6 12.5  1.2  5.9   N ENE    AVERAGE  5.6   7
2023 12 01 14 56  1.2  0.5 11.1  1.1  5.9   N ENE    AVERAGE  5.4 355
2023 12 01 14 26  1.3  0.7 11.8  1.1  5.9   N  NE    AVERAGE  5.8   5
2023 12 01 13 56  1.3  0.6 12.5  1.2  5.9   N ENE      STEEP  5.8  57
2023 12 01 13 26  1.4  0.6 12.5  1.2  5.6   N  NE VERY_STEEP  5.6  55
2023 12 01 12 56  1.3  0.6 12.5  1.2  5.6   N ENE    AVERAGE  5.6   4
2023 12 01 12 26  1.2  0.5 13.3  1.1  5.6   N  NE VERY_STEEP  5.5  55
2023 12 01 11 56  1.2  0.4 12.5  1.1  5.9   N ENE      STEEP  5.4  60
2023 12 01 11 26  1.2  0.4 11.8  1.2  5.9 NNE ENE      STEEP  5.3  59
2023 12 01 10 56  1.2  0.5 11.8  1.1  5.9 NNW ENE      STEEP  5.4  64
2023 12 01 10 26  1.2  0.4 13.3  1.1  5.9   N ENE      STEEP  5.2  57
2023 12 01 09 56  1.2  0.4 14.3  1.1  5.6   N ENE      STEEP  5.3  66
2023 12 01 09 26  1.1  0.3 13.3  1.0  6.2   N  NE      STEEP  5.1  52
2023 12 01 08 56  1.1  0.3 13.3  1.0  5.9   N ENE      STEEP  5.2  59
2023 12 01 08 26  1.1  0.3 13.3  1.1  5.6   N ENE      STEEP  5.2  60
2023 12 01 07 56  1.1  0.3 14.3  1.1  5.6   N ENE      STEEP  5.2  62
2023 12 01 07 26  1.1  0.3 12.5  1.1  5.9   N ENE      STEEP  5.2  64
2023 12 01 06 56  1.1  0.3 13.3  1.0  5.6   N ENE      STEEP  5.2  62
2023 12 01 06 26  1.1  0.2 13.3  1.0  5.9   N  NE      STEEP  5.3  55
2023 12 01 05 56  1.0  0.2 15.4  1.0  5.6   N ENE      STEEP  5.2  63
2023 12 01 05 26  0.9  0.2 15.4  0.9  5.6 NNE ENE      STEEP  5.2  59
2023 12 01 04 56  1.0  0.2 13.3  1.0  5.9   N ENE      STEEP  5.4  60
2023 12 01 04 26  1.0  0.2 10.5  1.0  5.6 NNE ENE      STEEP  5.3  66
2023 12 01 03 56  1.0  0.2 15.4  1.0  5.6   N ENE      STEEP  5.2  64
2023 12 01 03 26  1.0  0.2 10.5  0.9  5.6  NE ENE      STEEP  5.2  62
2023 12 01 02 56  0.9  0.2 15.4  0.9  5.6   N ENE      STEEP  5.2  59
2023 12 01 02 26  1.0  0.2 14.3  1.0  5.9 NNE ENE      STEEP  5.1  62
2023 12 01 01 56  1.0  0.2 11.1  0.9  5.6 NNE ENE      STEEP  5.1  66
2023 12 01 01 26  1.0  0.2 10.5  0.9  5.9 NNE ENE      STEEP  4.9  64
2023 12 01 00 56  1.0  0.2 10.5  1.0  5.6 NNE ENE      STEEP  5.0  60
2023 12 01 00 26  1.0  0.2 10.5  1.0  5.9 NNE ENE      STEEP  5.1  67
2023 11 30 23 56  1.0  0.2 11.8  1.0  5.6 NNE ENE      STEEP  5.0  66
2023 11 30 23 26  1.0  0.2 11.8  1.0  5.6 NNE ENE      STEEP  4.7  69
2023 11 30 22 56  1.1  0.2 10.5  1.1  5.6 NNE ENE      STEEP  4.8  64
2023 11 30 22 26  1.0  0.2 11.1  1.0  5.3   N ENE VERY_STEEP  4.5  62
2023 11 30 21 56  1.1  0.2 11.1  1.1  5.6   N ENE      STEEP  4.6  69
2023 11 30 21 26  1.1  0.2 11.1  1.1  5.6 NNE ENE      STEEP  4.5  66
2023 11 30 20 56  1.1  0.2 10.5  1.0  5.6 NNE ENE      STEEP  4.4  67
2023 11 30 20 26  1.0  0.2 11.1  1.0  5.6 NNE ENE      STEEP  4.2  66
2023 11 30 19 56  1.0  0.2 10.5  1.0  5.6 NNE ENE      STEEP  4.3  70
2023 11 30 19 26  1.1  0.2 11.1  1.1  5.3   N ENE VERY_STEEP  4.3  67
2023 11 30 18 56  1.1  0.2 10.5  1.1  5.3 NNE ENE VERY_STEEP  4.5  69
2023 11 30 18 26  1.1  0.2 10.5  1.0  5.3 NNE ENE VERY_STEEP  4.3  67
2023 11 30 17 56  1.0  0.2 11.1  1.0  5.3 NNE ENE VERY_STEEP  4.1  73
2023 11 30 17 26  1.0  0.2 10.5  1.0  5.0 NNE ENE VERY_STEEP  4.2  69
2023 11 30 16 56  0.9  0.2 10.5  0.9  5.0 NNE ENE VERY_STEEP  4.1  66
2023 11 30 16 26  0.8  0.2 11.8  0.8  5.0 NNE ENE      STEEP  4.2  66
2023 11 30 15 56  0.8  0.2 10.5  0.7  4.8 NNE ENE        N/A  4.4  62
2023 11 30 15 26  0.8  0.2 11.1  0.7  4.8 NNE ENE        N/A  4.5  63
2023 11 30 14 56  0.8  0.2 10.5  0.8  4.5   N ENE        N/A  4.7  62
2023 11 30 14 26  0.7  0.2 11.1  0.7  9.1 NNE NNE        N/A  5.0  22
2023 11 30 13 56  0.7  0.2 11.8  0.7  4.8 NNE ENE        N/A  4.9  60
2023 11 30 13 26  0.7  0.2 10.5  0.7  4.8 NNE ENE        N/A  4.8  66
2023 11 30 12 56  0.7  0.2 11.1  0.7  4.8 NNE ENE        N/A  5.0  67
2023 11 30 12 26  0.7  0.2 10.5  0.6  9.9 NNE NNE        N/A  5.0  18
2023 11 30 11 56  0.7  0.2 10.5  0.7  5.0  NE ENE        N/A  4.9  70
2023 11 30 11 26  0.7  0.2 10.5  0.7  9.9 NNE NNE        N/A  4.9  26
2023 11 30 10 56  0.8  0.2 10.5  0.7  4.8  NE ENE        N/A  4.6  64
2023 11 30 10 26  0.8  0.2 11.1  0.8  9.1 NNE  NE        N/A  4.8  35
2023 11 30 09 56  0.8  0.2 10.5  0.7  4.8  NE ENE        N/A  4.7  64
2023 11 30 09 26  0.8  0.2 10.5  0.8  9.1  NE NNE        N/A  4.9  31
2023 11 30 08 56  0.8  0.2 11.1  0.7  9.9 NNE  NE        N/A  4.9  35
2023 11 30 08 26  0.7  0.2 11.1  0.7  9.1 NNE NNE        N/A  4.8  32
2023 11 30 07 56  0.8  0.2 11.1  0.8  9.1 NNE NNE        N/A  5.0  31
2023 11 30 07 26  0.7  0.2 10.5  0.7  8.3 NNE NNE        N/A  5.0  31
2023 11 30 06 56  0.8  0.2 10.5  0.7  9.9 NNE  NE        N/A  5.2  35
2023 11 30 06 26  0.8  0.3 11.8  0.7  9.9 NNE NNE        N/A  5.5  28
2023 11 30 05 56  0.7  0.3 10.5  0.7  4.8 NNE ENE        N/A  5.3  29
2023 11 30 05 26  0.8  0.3 10.5  0.7  9.1 NNE NNE        N/A  5.4  31
2023 11 30 04 56  0.8  0.3 10.5  0.7  9.9 NNE NNE        N/A  5.2  21
2023 11 30 04 26  0.8  0.2 10.5  0.7  9.1 NNE NNE        N/A  5.2  33
2023 11 30 03 56  0.8  0.3 10.5  0.8  9.9 NNE NNE        N/A  5.5  31
2023 11 30 03 26  0.8  0.3 11.8  0.8  9.9 NNE NNE    AVERAGE  5.3  24
2023 11 30 02 56  0.8  0.3 11.1  0.8  4.8 NNE ENE VERY_STEEP  5.2  66
2023 11 30 02 26  0.8  0.3 11.8  0.8  9.9 NNE NNE    AVERAGE  5.2  25
2023 11 30 01 56  0.8  0.3 10.5  0.7  4.8 NNE ENE        N/A  5.1  70
2023 11 30 01 26  0.9  0.3 10.5  0.8  9.9 NNE  NE    AVERAGE  5.0  36
2023 11 30 00 56  0.9  0.3 10.5  0.8  8.3 NNE NNE    AVERAGE  4.8  19
2023 11 30 00 26  0.9  0.3 10.5  0.9  4.3  NE ENE VERY_STEEP  4.5  62
2023 11 29 23 56  1.0  0.3 11.1  0.9  4.5  NE ENE    AVERAGE  4.5  38
2023 11 29 23 26  1.0  0.3 10.5  0.9  4.8  NE ENE VERY_STEEP  4.3  63
2023 11 29 22 56  1.0  0.3 10.5  0.9  9.9 NNE NNE    AVERAGE  4.6  33
2023 11 29 22 26  0.9  0.3 10.5  0.9  4.3 NNE ENE    AVERAGE  4.4  31
2023 11 29 21 56  0.9  0.3 10.5  0.8  9.1 NNE NNE    AVERAGE  4.5  28
2023 11 29 21 26  0.9  0.3 10.5  0.8  9.9 NNE NNE    AVERAGE  4.7  33
2023 11 29 20 56  0.9  0.3 10.5  0.8  8.3 NNE   N    AVERAGE  4.8  24
2023 11 29 20 26  0.8  0.3 11.1  0.8  8.3 NNE NNE    AVERAGE  4.7  29
2023 11 29 19 56  0.9  0.4 10.5  0.8  8.3  NE NNE    AVERAGE  5.0  14
2023 11 29 19 26  0.8  0.3 10.5  0.8  8.3 NNE NNE    AVERAGE  4.8  18
2023 11 29 18 56  0.8  0.3 10.5  0.8  9.1 NNE NNE    AVERAGE  4.9  21
2023 11 29 18 26  0.8  0.3 11.8  0.7  9.1 NNE NNE    AVERAGE  4.9  19
2023 11 29 17 56  0.8  0.3 11.1  0.7  9.9 NNE NNE        N/A  5.5  33
2023 11 29 17 26  0.8  0.4 10.5  0.7  9.1 NNE  NE    AVERAGE  5.9  35
2023 11 29 16 56  0.8  0.3 10.5  0.7  9.1 NNE NNE        N/A  5.8  26
2023 11 29 16 26  0.8  0.3 11.1  0.7  8.3 NNE NNE        N/A  5.9  26
2023 11 29 15 56  0.8  0.4 11.1  0.7  9.9 NNE  NE        N/A  6.6  36
2023 11 29 15 26  0.8  0.4 11.8  0.8  9.9 NNE NNE    AVERAGE  7.2  19
2023 11 29 14 56  0.7  0.4 11.8  0.7  9.9 NNE NNE        N/A  6.8  24
2023 11 29 14 26  0.7  0.3 10.5  0.6  9.1 NNE NNE        N/A  6.2  32
2023 11 29 13 56  0.8  0.4 11.1  0.7  9.9 NNE NNE        N/A  6.7  21
2023 11 29 13 26  0.8  0.4 11.8  0.7  9.9 NNE NNE        N/A  6.8  24
2023 11 29 12 56  0.8  0.4 11.1  0.7  9.9 NNE NNE        N/A  6.8  25
2023 11 29 12 26  0.8  0.4 11.1  0.7  9.9 NNE  NE        N/A  6.5  36
2023 11 29 11 56  0.8  0.4 10.5  0.7  9.9 NNE  NE        N/A  6.3  36
2023 11 29 11 26  0.8  0.4 11.1  0.7  9.9 NNE NNE        N/A  6.7  18
2023 11 29 10 56  0.8  0.4 11.1  0.7  9.1 NNE   N    AVERAGE  6.7  11
2023 11 29 10 26  0.8  0.4 10.5  0.7  9.9  NE NNE    AVERAGE  6.8  31
2023 11 29 09 56  0.8  0.4 10.5  0.7  9.1 NNE   N        N/A  6.5  31
2023 11 29 09 26  0.9  0.5 11.8  0.8  9.9 NNE NNE    AVERAGE  6.7  14
2023 11 29 08 56  0.8  0.5 10.5  0.7  9.1 NNE   N    AVERAGE  6.6  25
2023 11 29 08 26  0.8  0.4 10.5  0.7  9.1 NNE   N    AVERAGE  6.4  26
2023 11 29 07 56  0.9  0.5 11.1  0.7  9.9 NNE NNE    AVERAGE  6.9  26
2023 11 29 07 26  0.9  0.5 11.1  0.8  9.9 NNE NNE    AVERAGE  6.8  22
2023 11 29 06 56  0.8  0.4 10.5  0.7  9.9 NNE NNE    AVERAGE  6.3  24
2023 11 29 06 26  0.8  0.4 11.1  0.7  9.9 NNE   N    AVERAGE  6.5   2
2023 11 29 05 56  0.8  0.4 11.1  0.7  9.9 NNE NNE    AVERAGE  6.1  14
2023 11 29 05 26  0.8  0.4 10.5  0.7  9.1 NNE   N    AVERAGE  6.1  32
2023 11 29 04 56  0.9  0.5 10.5  0.8  9.1 NNE   N    AVERAGE  6.3  28
2023 11 29 04 26  0.9  0.5 10.5  0.8  9.9   N NNE    AVERAGE  6.3  14
2023 11 29 03 56  0.8  0.4 10.5  0.8  9.9 NNE   N    AVERAGE  6.1  29
2023 11 29 03 26  0.9  0.5 12.5  0.8  9.1 NNE   N    AVERAGE  6.5  25
2023 11 29 02 56  0.9  0.5 11.1  0.8  9.9 NNE NNE    AVERAGE  6.2  15
2023 11 29 02 26  0.9  0.5 11.8  0.8  9.9 NNE NNE    AVERAGE  6.4  24
2023 11 29 01 56  0.9  0.6 11.1  0.8  9.9 NNE NNE    AVERAGE  6.3  33
2023 11 29 01 26  0.9  0.5 11.8  0.8  9.1 NNE NNE    AVERAGE  6.0  12
2023 11 29 00 56  1.0  0.5 10.5  0.8  9.9 NNE NNE    AVERAGE  6.3  19
2023 11 29 00 26  1.0  0.5 13.3  0.9  9.9 NNE   N    AVERAGE  5.9  10
2023 11 28 23 56  1.0  0.5 10.5  0.9  9.9 NNE   N    AVERAGE  5.9  10
2023 11 28 23 26  1.0  0.5 11.1  0.8  9.1 NNE   N    AVERAGE  5.8   5
2023 11 28 22 56  1.0  0.5 11.1  0.8  9.9 NNE   N    AVERAGE  5.8  11
2023 11 28 22 26  1.0  0.6 10.5  0.9  9.9 NNE   N    AVERAGE  6.0  10
2023 11 28 21 56  1.0  0.6 10.5  0.8  9.1 NNE   N    AVERAGE  5.9  21
2023 11 28 21 26  1.0  0.5 10.5  0.8  9.9 NNE NNW    AVERAGE  5.7  22
2023 11 28 20 56  1.1  0.7 10.5  0.9  9.9   N   N    AVERAGE  6.0  11
2023 11 28 20 26  1.1  0.6 11.1  0.9  9.9 NNE   N    AVERAGE  5.8  31
2023 11 28 19 56  1.1  0.5 13.3  0.9  9.9 NNE   N    AVERAGE  5.3   7
2023 11 28 19 26  1.1  0.6 10.5  0.9  9.9 NNE NNE    AVERAGE  5.5  15
2023 11 28 18 56  1.1  0.5 10.5  0.9  9.9   N   N    AVERAGE  5.4 351
2023 11 28 18 26  1.0  0.6 13.3  0.9  9.9 NNE   N    AVERAGE  5.8  18
2023 11 28 17 56  1.0  0.6 13.3  0.8  9.9 NNE   N    AVERAGE  6.0  18
2023 11 28 17 26  1.0  0.6 10.5  0.9  9.9   N   N    AVERAGE  5.9 358
2023 11 28 16 56  1.1  0.7 10.5  0.9  9.9   N   N    AVERAGE  6.5  11
2023 11 28 16 26  0.9  0.6 11.1  0.7  9.1 NNE NNE    AVERAGE  6.7  12
2023 11 28 15 56  1.0  0.7 12.5  0.8  9.9 NNE   N    AVERAGE  7.0  17
2023 11 28 15 26  0.9  0.6 12.5  0.8  9.9 NNE NNE    AVERAGE  6.7  24
2023 11 28 14 56  0.9  0.6 11.8  0.7  9.9 NNE   N    AVERAGE  7.5   8
2023 11 28 14 26  0.9  0.6 11.1  0.7  9.9 NNE   N    AVERAGE  7.3  14
2023 11 28 13 56  0.9  0.6 11.8  0.7  9.9 NNE   N    AVERAGE  7.3  22
2023 11 28 13 26  1.0  0.7 11.1  0.7  9.9 NNE NNE      SWELL  7.6  17
2023 11 28 12 56  0.9  0.7 12.5  0.7  9.9 NNE NNE      SWELL  7.5  26
2023 11 28 12 26  1.0  0.7 11.8  0.7  9.1 NNE NNE      SWELL  7.4  21
2023 11 28 11 56  0.9  0.6 11.8  0.7  9.9 NNE NNE    AVERAGE  7.4  19
2023 11 28 11 26  1.0  0.7 11.1  0.7  9.9 NNE NNE      SWELL  7.4  18
2023 11 28 10 56  1.0  0.7 12.5  0.7  9.9 NNE NNE      SWELL  7.3  18
2023 11 28 10 26  0.9  0.6 12.5  0.7  9.9 NNE NNE    AVERAGE  6.8  22
2023 11 28 09 56  0.9  0.6 11.8  0.7  9.1 NNE NNE    AVERAGE  7.1  15
2023 11 28 09 26  1.0  0.6 11.1  0.8  9.9 NNE NNE    AVERAGE  7.0  14
2023 11 28 08 56  1.0  0.7 13.3  0.7  9.9 NNE NNE      SWELL  7.0  18
2023 11 28 08 26  1.0  0.6 13.3  0.8  9.1 NNE NNE    AVERAGE  6.5  24
2023 11 28 07 56  0.9  0.6 13.3  0.8  9.9 NNE NNE    AVERAGE  6.3  28
2023 11 28 07 26  1.0  0.6 12.5  0.8  9.1 NNE NNE    AVERAGE  6.3  17
2023 11 28 06 56  1.0  0.6 12.5  0.7  9.1 NNE NNE    AVERAGE  6.6  18
2023 11 28 06 26  1.0  0.6 12.5  0.8  9.9 NNE NNE    AVERAGE  6.3  25
2023 11 28 05 56  0.9  0.5 13.3  0.8  9.9 NNE NNE    AVERAGE  6.1  22
2023 11 28 05 26  0.9  0.6 13.3  0.8  5.3 NNE ENE    AVERAGE  6.2  24
2023 11 28 04 56  1.1  0.7 10.5  0.8  9.9 NNE NNE    AVERAGE  6.6  28
2023 11 28 04 26  0.9  0.6 11.1  0.8  5.3  NE ENE    AVERAGE  6.3  35
2023 11 28 03 56  1.0  0.7 11.8  0.8  9.9 NNE NNE    AVERAGE  6.7  28
2023 11 28 03 26  1.0  0.6 13.3  0.8  5.3 NNE ENE    AVERAGE  6.3  19
2023 11 28 02 56  1.0  0.6 11.1  0.9  9.9 NNE NNE    AVERAGE  6.2  21
2023 11 28 02 26  1.1  0.6 12.5  0.9  5.0 NNE ENE    AVERAGE  6.0  24
2023 11 28 01 56  1.1  0.6 12.5  0.9  5.3 NNE ENE    AVERAGE  6.0  17
2023 11 28 01 26  1.1  0.6 11.1  0.9  9.9 NNE NNE    AVERAGE  5.8  28
2023 11 28 00 56  1.2  0.6 13.3  1.0  5.6 NNE ENE    AVERAGE  5.9  17
2023 11 28 00 26  1.2  0.5 11.1  1.1  5.3 NNE ENE VERY_STEEP  5.5  69
2023 11 27 23 56  1.2  0.6 11.1  1.1  5.3 NNE ENE VERY_STEEP  5.6  63
2023 11 27 23 26  1.3  0.6 13.3  1.1  5.6 NNE ENE    AVERAGE  5.4  18
2023 11 27 22 56  1.3  0.6 13.3  1.1  5.6 NNE ENE    AVERAGE  5.2  28
2023 11 27 22 26  1.3  0.6 12.5  1.2  5.3 NNE  NE    AVERAGE  5.2  15
2023 11 27 21 56  1.3  0.6 11.1  1.1  5.3 NNE ENE    AVERAGE  5.2  29
2023 11 27 21 26  1.3  0.6 11.8  1.1  9.9 NNE NNE    AVERAGE  5.2  32
2023 11 27 20 56  1.2  0.6 11.8  1.1  5.6 NNE ENE    AVERAGE  5.0  26
2023 11 27 20 26  1.3  0.6 14.3  1.2  5.0 NNE ENE VERY_STEEP  5.2  69
2023 11 27 19 56  1.2  0.6 11.8  1.1  9.9 NNE   N    AVERAGE  5.2  21
2023 11 27 19 26  1.3  0.7 11.8  1.1  5.6 NNE ENE    AVERAGE  5.3  19
2023 11 27 18 56  1.2  0.6 13.3  1.1  5.3 NNE ENE    AVERAGE  5.2  22
2023 11 27 18 26  1.2  0.6 12.5  1.1  9.9 NNE NNE    AVERAGE  5.1  26
2023 11 27 17 56  1.3  0.7 12.5  1.1  5.3 NNE ENE    AVERAGE  5.4  26
2023 11 27 17 26  1.2  0.7 13.3  1.0  9.9 NNE NNE    AVERAGE  5.8  24
2023 11 27 16 56  1.2  0.7 13.3  1.0  9.9   N NNE    AVERAGE  5.8  11
2023 11 27 16 26  1.1  0.7 12.5  0.9  9.1 NNE NNE    AVERAGE  6.1  14
2023 11 27 15 56  1.1  0.7 13.3  0.9  9.9 NNE NNE    AVERAGE  6.6  17
2023 11 27 15 26  1.0  0.6 11.8  0.8  9.1 NNE NNE    AVERAGE  6.2  33
2023 11 27 14 56  1.1  0.7 13.3  0.9  9.1 NNE NNE    AVERAGE  6.6  18
2023 11 27 14 26  1.0  0.6 12.5  0.8  9.9 NNE NNE    AVERAGE  6.9  22
2023 11 27 13 56  1.0  0.6 13.3  0.8  9.9 NNE NNE    AVERAGE  7.0  25
2023 11 27 13 26  1.2  0.8 10.5  0.9  9.9 NNE  NE    AVERAGE  7.3  29
2023 11 27 12 56  1.1  0.6 11.1  0.9  9.9 NNE NNE    AVERAGE  7.0  31
2023 11 27 12 26  1.1  0.7 12.5  0.8  9.9 NNE NNE    AVERAGE  6.8  22
2023 11 27 11 56  1.1  0.7 11.8  0.9  9.9 NNE  NE    AVERAGE  7.1  22
2023 11 27 11 26  1.0  0.7 12.5  0.8  9.1 NNE NNE    AVERAGE  7.0  24
2023 11 27 10 56  1.1  0.7 12.5  0.9  9.9 NNE  NE    AVERAGE  6.9  22
2023 11 27 10 26  1.1  0.7 12.5  0.8  9.1 NNE NNE    AVERAGE  6.7  29
2023 11 27 09 56  1.1  0.7 13.3  0.9  9.9 NNE NNE    AVERAGE  7.1  21
2023 11 27 09 26  1.1  0.6 12.5  0.9  9.1 NNE NNE    AVERAGE  6.7  25
2023 11 27 08 56  1.1  0.6 12.5  0.9  9.9 NNE NNE    AVERAGE  6.5  22
2023 11 27 08 26  1.1  0.6 12.5  0.9  9.9 NNE NNE    AVERAGE  6.4  25
2023 11 27 07 56  1.2  0.8 13.3  0.9  9.9 NNE NNE    AVERAGE  7.0  21
2023 11 27 07 26  1.1  0.7 11.8  0.9  9.9 NNE NNE    AVERAGE  6.3  26
2023 11 27 06 56  1.2  0.7 10.5  1.0  9.1 NNE NNE    AVERAGE  6.4  17
2023 11 27 06 26  1.2  0.8 12.5  1.0  9.9 NNE NNE    AVERAGE  6.6  22
2023 11 27 05 56  1.3  0.7 13.3  1.1  5.3 NNE ENE    AVERAGE  6.3  21
2023 11 27 05 26  1.3  0.8 13.3  1.1  5.6 NNE ENE    AVERAGE  6.2  22
2023 11 27 04 56  1.2  0.6 10.5  1.1  5.3 NNE ENE    AVERAGE  6.0  21
2023 11 27 04 26  1.3  0.8 12.5  1.1  5.3 NNE ENE    AVERAGE  6.4  24
2023 11 27 03 56  1.3  0.8 11.1  1.1  9.9 NNE NNE    AVERAGE  6.4  25
2023 11 27 03 26  1.3  0.7 10.5  1.1  9.9 NNE NNE    AVERAGE  6.0  28
2023 11 27 02 56  1.4  0.8 11.8  1.1  5.9 NNE ENE    AVERAGE  6.0  24
2023 11 27 02 26  1.3  0.8 12.5  1.1  9.9 NNE NNE    AVERAGE  6.2  24
2023 11 27 01 56  1.3  0.7 12.5  1.1  5.0 NNE ENE    AVERAGE  5.8  19
2023 11 27 01 26  1.3  0.7 11.8  1.1  9.9 NNE NNE    AVERAGE  6.1  22
2023 11 27 00 56  1.4  0.8 11.8  1.1  9.9 NNE   N    AVERAGE  6.2  26
2023 11 27 00 26  1.3  0.8 10.5  1.1  9.9 NNE NNE    AVERAGE  6.1  18
2023 11 26 23 56  1.2  0.6 11.1  1.0  9.1 NNE   N    AVERAGE  5.6  21
2023 11 26 23 26  1.2  0.8 11.8  1.0  9.9 NNE NNE    AVERAGE  6.1  25
2023 11 26 22 56  1.3  0.8 12.5  1.0  9.9 NNE NNE    AVERAGE  6.0  28
2023 11 26 22 26  1.3  0.8 13.3  1.1  9.1 NNE   N    AVERAGE  5.7  19
2023 11 26 21 56  1.2  0.6 13.3  1.1  9.9 NNE NNE    AVERAGE  5.5  25
2023 11 26 21 26  1.4  0.8 13.3  1.1  9.9 NNE   N    AVERAGE  6.1  19
2023 11 26 20 56  1.4  0.8 14.3  1.1  9.9 NNE NNE    AVERAGE  6.1  12
2023 11 26 20 26  1.2  0.7 11.8  1.0  9.1 NNE   N    AVERAGE  5.6  26
2023 11 26 19 56  1.2  0.7 11.1  1.0  9.9  NE   N    AVERAGE  5.8   8
2023 11 26 19 26  1.2  0.7 11.8  1.1  9.9 NNE   N    AVERAGE  6.1  11
2023 11 26 18 56  1.3  0.8 11.8  1.1  9.9 NNE   N    AVERAGE  6.2  25
2023 11 26 18 26  1.2  0.8 12.5  1.0  9.9 NNE NNE    AVERAGE  6.2  22
2023 11 26 17 56  1.2  0.7 13.3  1.1  9.9 NNE   N    AVERAGE  6.1   7
2023 11 26 17 26  1.3  0.8 13.3  1.0  9.1 NNE   N    AVERAGE  6.3  22
2023 11 26 16 56  1.3  0.8 13.3  1.1  9.9 NNE NNE    AVERAGE  6.4  19
2023 11 26 16 26  1.2  0.7 13.3  1.0  9.9 NNE   N    AVERAGE  6.4  22
2023 11 26 15 56  1.1  0.7 13.3  0.9  9.9 NNE NNE    AVERAGE  6.6  21
2023 11 26 15 26  1.1  0.7 13.3  0.9  9.1 NNE   N    AVERAGE  6.7  21
2023 11 26 14 56  1.2  0.8 12.5  0.9  9.9 NNE NNE    AVERAGE  7.2  25
2023 11 26 14 26  1.1  0.7 12.5  0.9  9.9 NNE   N    AVERAGE  7.0  26
2023 11 26 13 56  1.1  0.8 10.5  0.9  9.9 NNE   N    AVERAGE  7.5  21
2023 11 26 13 26  1.1  0.7 12.5  0.9  9.9 NNE NNE    AVERAGE  7.1  24
2023 11 26 12 56  1.1  0.7 11.8  0.9  9.9 NNE   N    AVERAGE  7.5  31
2023 11 26 12 26  1.1  0.7 11.8  0.9  9.9 NNE NNE    AVERAGE  7.3  18
2023 11 26 11 56  1.1  0.7 10.5  0.9  9.9 NNE   N    AVERAGE  7.5  15
2023 11 26 11 26  1.2  0.7 11.8  0.9  9.9 NNE NNE    AVERAGE  7.5  14
2023 11 26 10 56  1.1  0.7 12.5  0.9  9.9 NNE NNE    AVERAGE  7.6  19
2023 11 26 10 26  1.1  0.7 10.5  0.9  9.9 NNE   N    AVERAGE  7.4  31
2023 11 26 09 56  1.2  0.8 10.5  0.9  9.9 NNE NNE    AVERAGE  7.5  19
2023 11 26 09 26  1.3  0.8 13.3  1.0  9.9 NNE NNE    AVERAGE  7.6  19
2023 11 26 08 56  1.2  0.8 13.3  1.0  9.9 NNE NNE    AVERAGE  7.3  26
2023 11 26 08 26  1.3  0.8 11.8  1.0  9.9 NNE NNE    AVERAGE  7.2  22
2023 11 26 07 56  1.3  0.9 13.3  1.0  9.9 NNE NNE    AVERAGE  7.2  24
2023 11 26 07 26  1.2  0.8 10.5  1.0  9.9 NNE NNE    AVERAGE  6.9  29
2023 11 26 06 56  1.3  0.9 12.5  1.0  9.9 NNE NNE    AVERAGE  7.3  29
2023 11 26 06 26  1.2  0.8 12.5  1.0  9.9 NNE NNE    AVERAGE  7.0  25
2023 11 26 05 56  1.3  0.9 12.5  1.0  9.9 NNE NNE    AVERAGE  7.5  22
2023 11 26 05 26  1.3  0.8 11.1  1.0  9.9 NNE NNE    AVERAGE  7.4  31
2023 11 26 04 56  1.2  0.8 12.5  1.0  9.9 NNE NNE    AVERAGE  7.1  25
2023 11 26 04 26  1.2  0.9 12.5  0.9  9.9 NNE  NE      SWELL  7.2  29
2023 11 26 03 56  1.3  0.9 13.3  1.0  9.9 NNE NNE    AVERAGE  7.3  25
2023 11 26 03 26  1.2  0.8 11.8  0.9  8.3 NNE NNE    AVERAGE  7.0  31
2023 11 26 02 56  1.3  0.9 11.8  0.9  9.9 NNE NNE      SWELL  7.5  26
2023 11 26 02 26  1.3  0.9 11.1  0.9  9.1 NNE NNE      SWELL  7.4  26
2023 11 26 01 56  1.4  1.0 12.5  1.1  9.9 NNE NNE    AVERAGE  7.6  28
2023 11 26 01 26  1.3  0.9 11.1  1.0  9.9 NNE  NE    AVERAGE  7.6  32
2023 11 26 00 56  1.4  1.0 11.8  1.0  9.9  NE NNE      SWELL  7.4  36
2023 11 26 00 26  1.4  1.0 11.1  1.0  9.9 NNE NNE      SWELL  7.4  26
2023 11 25 23 56  1.4  0.9 11.8  1.0  9.9 NNE  NE    AVERAGE  7.1  24
2023 11 25 23 26  1.5  1.2 11.1  1.0  9.1  NE NNE      SWELL  7.7  35
2023 11 25 22 56  1.5  1.1 12.5  1.0  9.9 NNE NNE      SWELL  7.5  29
2023 11 25 22 26  1.4  1.0 11.8  1.0  9.9 NNE NNE      SWELL  7.3  29
2023 11 25 21 56  1.5  1.2 11.8  0.9  9.9 NNE NNE      SWELL  7.9  28
2023 11 25 21 26  1.4  1.1 12.5  0.9  9.1 NNE NNE      SWELL  7.7  31
2023 11 25 20 56  1.5  1.1 12.5  1.0  9.1 NNE NNE      SWELL  7.8  26
2023 11 25 20 26  1.5  1.1 12.5  1.0  9.9 NNE NNE      SWELL  8.3  25
2023 11 25 19 56  1.5  1.1 11.8  1.1  9.9 NNE NNE      SWELL  8.2  22
2023 11 25 19 26  1.4  1.0 12.5  1.0  9.9 NNE NNE      SWELL  7.9  28
2023 11 25 18 56  1.5  1.1 12.5  1.1  9.9 NNE NNE      SWELL  8.1  24
2023 11 25 18 26  1.5  1.1 13.3  1.1  9.9 NNE NNE      SWELL  7.7  25
2023 11 25 17 56  1.5  1.1 12.5  1.1  9.9 NNE NNE      SWELL  7.8  32
2023 11 25 17 26  1.4  0.9 12.5  1.1  9.9 NNE NNE    AVERAGE  7.6  26
2023 11 25 16 56  1.4  1.0 12.5  1.0  9.9 NNE NNE      SWELL  7.8  29
2023 11 25 16 26  1.4  0.9 11.1  1.1  9.9 NNE NNE    AVERAGE  7.5  29
2023 11 25 15 56  1.3  0.9 11.1  1.0  9.9 NNE NNE    AVERAGE  7.7  32
2023 11 25 15 26  1.3  0.9 10.5  1.0  9.9 NNE NNE    AVERAGE  7.8  26
2023 11 25 14 56  1.3  0.8 10.5  1.0  9.1  NE NNE    AVERAGE  7.6  35
2023 11 25 14 26  1.4  1.0 10.5  1.0  9.9  NE NNE      SWELL  8.0  35
2023 11 25 13 56  1.2  0.8 11.1  1.0  9.9 NNE NNE    AVERAGE  7.5  28
2023 11 25 13 26  1.3  0.8 11.1  1.0  9.9 NNE  NE    AVERAGE  7.6  31
2023 11 25 12 56  1.3  0.9 11.1  1.1  9.9  NE NNE    AVERAGE  7.6  35
2023 11 25 12 26  1.4  0.9 10.5  1.1  9.9 NNE  NE    AVERAGE  7.8  31
2023 11 25 11 56  1.4  0.9 11.1  1.1  9.9 NNE  NE    AVERAGE  7.7  31
2023 11 25 11 26  1.3  0.9 10.5  1.0  9.9 NNE NNE    AVERAGE  7.5  32
2023 11 25 10 56  1.4  0.8 10.5  1.1  9.9 NNE NNE    AVERAGE  7.3  24
2023 11 25 10 26  1.3  0.8 11.1  1.1  9.9 NNE  NE    AVERAGE  7.1  32
2023 11 25 09 56  1.3  0.7 10.5  1.1  6.2 NNE  NE    AVERAGE  6.8  25
2023 11 25 09 26  1.4  0.8 11.8  1.1  9.1 NNE  NE    AVERAGE  7.2  31
2023 11 25 08 56  1.4  0.8 11.8  1.1  9.1 NNE NNE    AVERAGE  7.2  24
2023 11 25 08 26  1.4  0.8 11.1  1.1  9.9  NE NNE    AVERAGE  7.3  35
2023 11 25 07 56  1.4  0.8 12.5  1.1  9.9 NNE NNE    AVERAGE  7.1  33
2023 11 25 07 26  1.5  0.9 11.8  1.2  9.9 NNE  NE    AVERAGE  7.4  24
2023 11 25 06 56  1.5  0.8 11.1  1.2  9.9  NE NNE    AVERAGE  7.1  39
2023 11 25 06 26  1.4  0.8 11.1  1.2  9.1  NE  NE    AVERAGE  6.8  38
2023 11 25 05 56  1.6  1.0 11.1  1.2  9.9 NNE  NE    AVERAGE  7.2  32
2023 11 25 05 26  1.6  0.8 11.1  1.3  9.9  NE NNE    AVERAGE  6.7  35
2023 11 25 04 56  1.5  0.8 11.1  1.3  9.1 NNE NNE    AVERAGE  6.6  26
2023 11 25 04 26  1.5  0.8 10.5  1.3  9.9 NNE NNE    AVERAGE  6.5  29
2023 11 25 03 56  1.6  0.8 11.1  1.4  9.1 NNE NNE    AVERAGE  6.3  31
2023 11 25 03 26  1.8  1.1 11.1  1.4  5.9 NNE  NE    AVERAGE  6.8  33
2023 11 25 02 56  1.6  0.9 11.1  1.3  9.1 NNE NNE    AVERAGE  6.8  29
2023 11 25 02 26  1.7  0.8 11.1  1.5  9.9 NNE NNE    AVERAGE  6.3  21
2023 11 25 01 56  1.8  1.1 11.1  1.5  9.9 NNE NNE    AVERAGE  6.9  29
2023 11 25 01 26  1.9  1.1 11.1  1.5  9.1  NE NNE    AVERAGE  6.5  35
2023 11 25 00 56  1.9  1.1 11.1  1.6  9.9 NNE NNE    AVERAGE  6.3  32
2023 11 25 00 26  1.8  0.9 10.5  1.6  9.9 NNE  NE    AVERAGE  6.0  33
2023 11 24 23 56  1.9  1.3 11.8  1.5  9.9 NNE  NE    AVERAGE  6.8  31
2023 11 24 23 26  1.8  1.1 11.1  1.4  9.1 NNE NNE    AVERAGE  6.5  33
2023 11 24 22 56  1.8  1.1 10.5  1.4  9.1 NNE  NE    AVERAGE  6.5  26
2023 11 24 22 26  1.8  1.1 11.1  1.5  9.9 NNE NNE    AVERAGE  6.5  32
2023 11 24 21 56  1.9  1.2 11.1  1.4  9.9 NNE NNE    AVERAGE  7.3  29
2023 11 24 21 26  1.7  1.1 11.1  1.3  9.9 NNE NNE    AVERAGE  7.0  29
2023 11 24 20 56  1.6  0.9 11.1  1.4  9.9 NNE NNE    AVERAGE  6.7  26
2023 11 24 20 26  1.9  1.2 11.8  1.5  9.9 NNE NNE    AVERAGE  7.5  25
2023 11 24 19 56  1.9  1.3 10.5  1.4  9.9 NNE NNE    AVERAGE  7.7  33
2023 11 24 19 26  1.7  1.1 11.1  1.4  9.9 NNE NNE    AVERAGE  7.4  29
2023 11 24 18 56  1.8  1.3 11.1  1.3  9.9 NNE NNE      SWELL  7.6  29
2023 11 24 18 26  1.8  1.3 11.1  1.3  9.9 NNE NNE      SWELL  7.9  31
2023 11 24 17 56  1.7  1.1 10.5  1.4  9.9 NNE NNE    AVERAGE  7.2  29
2023 11 24 17 26  1.9  1.4 11.1  1.4  9.9 NNE NNE      SWELL  7.9  31
2023 11 24 16 56  1.7  1.1 11.8  1.3  9.9 NNE NNE    AVERAGE  7.5  28
2023 11 24 16 26  1.7  1.2 11.8  1.3  9.9 NNE NNE    AVERAGE  7.7  32
2023 11 24 15 56  1.6  1.0 11.8  1.3  8.3 NNE NNE    AVERAGE  7.5  26
2023 11 24 15 26  1.8  1.1 11.8  1.5  9.9 NNE NNE    AVERAGE  8.1  26
2023 11 24 14 56  1.7  1.1 11.8  1.4  9.9 NNE  NE    AVERAGE  7.6  24
2023 11 24 14 26  1.8  1.2 11.1  1.4  9.9 NNE NNE    AVERAGE  7.9  22
2023 11 24 13 56  1.7  1.0 11.8  1.4  9.9 NNE NNE    AVERAGE  7.6  33
2023 11 24 13 26  1.8  1.2 11.8  1.4  9.9 NNE NNE    AVERAGE  8.2  31
2023 11 24 12 56  1.8  1.1 11.1  1.4  9.9 NNE NNE    AVERAGE  7.9  28
2023 11 24 12 26  1.8  1.1 11.8  1.4  9.9 NNE NNE    AVERAGE  7.9  26
2023 11 24 11 56  1.7  1.0 10.5  1.4  9.9 NNE NNE    AVERAGE  7.9  29
2023 11 24 11 26  1.8  1.2 11.8  1.4  9.9 NNE NNE    AVERAGE  8.1  26
2023 11 24 10 56  1.6  0.9 11.8  1.4  9.9 NNE NNE    AVERAGE  7.7  24
2023 11 24 10 26  1.7  1.0 12.5  1.4  9.9 NNE NNE    AVERAGE  7.8  32
2023 11 24 09 56  1.6  1.0 10.5  1.3  8.3 NNE NNE    AVERAGE  7.7  25
2023 11 24 09 26  1.7  1.0 11.8  1.3  9.9 NNE NNE    AVERAGE  7.9  22
2023 11 24 08 56  1.6  1.0 11.8  1.3  9.9  NE  NE    AVERAGE  7.7  35
2023 11 24 08 26  1.7  1.0 11.8  1.4  9.1 NNE NNE    AVERAGE  7.7  32
2023 11 24 07 56  1.7  1.1 11.8  1.4  9.9 NNE NNE    AVERAGE  7.8  28
2023 11 24 07 26  1.9  1.2 11.8  1.4  8.3 NNE NNE    AVERAGE  7.8  22
2023 11 24 06 56  1.8  1.1 11.8  1.4  9.9 NNE NNE    AVERAGE  7.7  22
2023 11 24 06 26  1.6  1.0 10.5  1.3  8.3 NNE NNE    AVERAGE  7.4  21
2023 11 24 05 56  1.8  1.1 10.5  1.5  9.9 NNE NNE    AVERAGE  7.8  24
2023 11 24 05 26  1.8  1.0 11.1  1.5  9.1 NNE NNE    AVERAGE  7.5  18
2023 11 24 04 56  1.9  1.1 11.8  1.6  9.9 NNE NNE    AVERAGE  7.8  28
2023 11 24 04 26  1.7  1.0 11.1  1.4  9.9 NNE NNE    AVERAGE  7.6  24
2023 11 24 03 56  1.8  1.0 11.1  1.5  9.9 NNE NNE    AVERAGE  7.5  21
2023 11 24 03 26  1.8  1.1 11.8  1.4  9.1 NNE NNE    AVERAGE  7.6  24
2023 11 24 02 56  1.7  1.0 11.8  1.4  9.1 NNE NNE    AVERAGE  7.5  25
2023 11 24 02 26  1.7  0.9 11.8  1.5  9.9 NNE NNE    AVERAGE  7.4  19
2023 11 24 01 56  1.7  1.0 11.8  1.4  9.9 NNE   N    AVERAGE  7.3  26
2023 11 24 01 26  1.7  1.1 11.8  1.4  7.7 NNE NNE    AVERAGE  7.4  21
2023 11 24 00 56  1.8  1.0 11.1  1.4  8.3 NNE NNE    AVERAGE  7.2  32
2023 11 24 00 26  1.7  0.8 11.1  1.5  9.1 NNE NNE    AVERAGE  6.9  24
2023 11 23 23 56  1.9  1.1 11.8  1.5  9.9 NNE NNE    AVERAGE  7.5  24
2023 11 23 23 26  1.9  1.0 12.5  1.6  9.9 NNE NNE    AVERAGE  7.4  25
2023 11 23 22 56  1.9  1.2 11.1  1.5  9.1 NNE NNE    AVERAGE  7.2  26
2023 11 23 22 26  1.9  1.1 10.5  1.6  9.1 NNE NNE    AVERAGE  6.9  18
2023 11 23 21 56  1.9  1.1 11.1  1.6  9.1 NNE NNE    AVERAGE  6.9  24
2023 11 23 21 26  2.0  0.9 10.5  1.7  9.1 NNE NNE    AVERAGE  6.4  19
2023 11 23 20 56  1.8  0.9 11.8  1.6  9.9 NNE NNE    AVERAGE  6.2  29
2023 11 23 20 26  2.0  1.1 10.5  1.7  9.9 NNE NNE    AVERAGE  6.6  26
2023 11 23 19 56  1.9  1.0 11.8  1.6  9.9 NNE NNE    AVERAGE  6.5  28
2023 11 23 19 26  1.8  1.0 10.5  1.6  9.1 NNE NNE    AVERAGE  6.7  28
2023 11 23 18 56  1.9  1.1 11.1  1.6  9.9 NNE NNE    AVERAGE  6.8  21
2023 11 23 18 26  1.8  0.9 11.1  1.6  9.9 NNE NNE    AVERAGE  6.7  15
2023 11 23 17 56  1.9  1.1 10.5  1.6  9.1 NNE NNE    AVERAGE  6.8  24
2023 11 23 17 26  2.0  0.9 11.1  1.8  9.9 NNE NNE    AVERAGE  6.5  18
2023 11 23 16 56  1.9  0.9 11.1  1.8  9.1 NNE NNE    AVERAGE  6.7  15
2023 11 23 16 26  2.0  1.1 11.1  1.7  8.3 NNE NNE    AVERAGE  7.1  15
2023 11 23 15 56  2.0  0.9 10.5  1.8  9.1 NNE NNE    AVERAGE  7.1  21
2023 11 23 15 26  1.9  0.8 10.5  1.7  9.9 NNE NNE    AVERAGE  7.1  25
2023 11 23 14 56  1.9  0.9 11.1  1.7  9.9 NNE NNE    AVERAGE  7.2  15
2023 11 23 14 26  1.9  1.0 11.1  1.7  9.9 NNE NNE    AVERAGE  7.2  22
2023 11 23 13 56  2.0  0.9 11.1  1.8  8.3 NNE   N    AVERAGE  7.2  15
2023 11 23 13 26  2.0  1.2 10.5  1.7  9.9 NNE NNE    AVERAGE  7.2  19
2023 11 23 12 56  2.0  0.9 10.5  1.8  9.9 NNE NNE    AVERAGE  7.3  24
2023 11 23 12 26  1.9  1.0 10.5  1.7  9.9 NNE NNE    AVERAGE  7.2  24
2023 11 23 11 56  1.9  0.7 10.5  1.8  9.9   N NNE    AVERAGE  7.1  15
2023 11 23 11 26  1.9  0.9 10.5  1.8  9.9 NNE NNE    AVERAGE  7.4  12
2023 11 23 10 56  1.9  0.8 11.1  1.8  8.3 NNE NNE    AVERAGE  7.3  14
2023 11 23 10 26  1.8  0.9 10.5  1.7  9.9   N NNE    AVERAGE  7.3  11
2023 11 23 09 56  2.1  1.0 10.5  1.9  9.9 NNE NNE    AVERAGE  7.6  15
2023 11 23 09 26  2.0  1.0 11.1  1.7  9.9 NNE NNE    AVERAGE  7.5  18
2023 11 23 08 56  2.0  0.9 10.5  1.9  9.9   N   N    AVERAGE  7.5   7
2023 11 23 08 26  1.9  0.9 10.5  1.7  9.9   N NNE    AVERAGE  7.5   8
2023 11 23 07 56  2.1  1.0 10.5  1.9  9.9   N NNE    AVERAGE  7.6  15
2023 11 23 07 26  1.9  1.1 10.5  1.7  9.9 NNE   N    AVERAGE  7.6  18
2023 11 23 06 56  2.0  1.1 11.1  1.8  9.9 NNE   N    AVERAGE  7.6  22
2023 11 23 06 26  1.9  0.9 10.5  1.8  9.9 NNE NNE    AVERAGE  7.3  12
2023 11 23 05 56  2.0  1.0 11.1  1.8  9.9   N   N    AVERAGE  7.6   8
2023 11 23 05 26  2.0  0.9 10.5  1.9  9.9 NNE   N    AVERAGE  7.5   8
2023 11 23 04 56  2.0  1.0 10.5  1.8  9.9 NNE   N    AVERAGE  7.4  12
2023 11 23 04 26  1.9  1.0 11.1  1.6  9.1 NNE   N    AVERAGE  7.3  28
2023 11 23 03 56  1.9  0.9 10.5  1.7  9.9   N   N    AVERAGE  7.3  10
2023 11 23 03 26  2.1  1.1 10.5  1.8  9.9   N   N    AVERAGE  7.5  10
2023 11 23 02 56  2.1  1.0 10.5  1.9  9.9 NNE   N    AVERAGE  7.4   5
2023 11 23 02 26  2.0  1.0 11.1  1.8  9.9 NNE   N    AVERAGE  7.2  12
2023 11 23 01 56  2.1  1.0 10.5  1.9  9.9 NNE NNE    AVERAGE  7.4  12
2023 11 23 01 26  2.1  1.1 10.5  1.8  9.1 NNE   N    AVERAGE  7.3  12
2023 11 23 00 56  2.0  1.0 10.5  1.9  9.9   N   N    AVERAGE  7.4  11
2023 11 23 00 26  2.0  0.9 10.5  1.9  9.9 NNE   N    AVERAGE  7.2  12
2023 11 22 23 56  2.2  1.2 10.5  1.9  9.9   N   N    AVERAGE  7.4   4
2023 11 22 23 26  2.1  1.1 10.5  1.8  9.1   N   N    AVERAGE  7.0  11
2023 11 22 22 56  2.1  1.1 10.5  1.8  9.1 NNE   N    AVERAGE  7.0  15
2023 11 22 22 26  2.1  0.7 11.1  2.0  9.1 NNE   N    AVERAGE  6.7  11
2023 11 22 21 56  2.1  1.0 11.1  1.9  9.9   N   N    AVERAGE  7.1   7
2023 11 22 21 26  2.1  1.0 10.5  1.9  9.1   N   N    AVERAGE  6.8   8
2023 11 22 20 56  2.2  1.0 10.5  2.1  9.9 NNE NNE    AVERAGE  7.0  12
2023 11 22 20 26  2.2  0.9 10.5  2.0  9.9   N NNE    AVERAGE  6.7  17
2023 11 22 19 56  2.2  0.9 10.5  2.1  9.9   N NNE    AVERAGE  6.8  10
2023 11 22 19 26  2.2  0.7 10.5  2.2  9.9 NNE   N    AVERAGE  6.8   7
2023 11 22 18 56  2.2  0.8 10.5  2.1  9.1   N   N    AVERAGE  6.7   5
2023 11 22 18 26  2.4  1.2 10.5  2.1  9.1   N   N    AVERAGE  7.1   7
2023 11 22 17 56  2.3  1.1 10.5  2.1  9.1   N   N    AVERAGE  6.9   2
2023 11 22 17 26  2.4  1.0 10.5  2.3  9.1   N   N    AVERAGE  6.9   7
2023 11 22 16 56  2.3  0.9 11.1  2.2  9.9   N   N    AVERAGE  6.7   7
2023 11 22 16 26  2.4  0.9 10.5  2.3  9.9   N   N    AVERAGE  6.6 358
2023 11 22 15 56  2.5  1.1 10.5  2.3  9.9   N   N    AVERAGE  6.7  10
2023 11 22 15 26  2.3  0.8 10.5  2.3  9.1   N   N    AVERAGE  6.6   4
2023 11 22 14 56  2.4  0.8 10.5  2.3  9.9   N   N    AVERAGE  6.4 360
2023 11 22 14 26  2.4  0.8 10.5  2.3  9.9   N   N    AVERAGE  6.4  10
2023 11 22 13 56  2.2  0.8 10.5  2.1  9.9 NNE   N    AVERAGE  6.3   2
2023 11 22 13 26  2.2  0.8 10.5  2.0  9.9   N   N    AVERAGE  6.4 358
2023 11 22 12 56  2.4  0.7 10.5  2.3  8.3   N   N      STEEP  6.8   7
2023 11 22 12 26  2.3  0.7 10.5  2.3  9.1   N   N    AVERAGE  6.8 355
2023 11 22 11 56  2.2  0.6 10.5  2.1  9.1   N   N    AVERAGE  6.4   4
2023 11 22 11 26  2.1  0.7 11.1  2.0  9.1 NNE   N    AVERAGE  6.5 353
2023 11 22 10 56  2.2  0.6 10.5  2.1  9.1   N   N    AVERAGE  6.5 354
2023 11 22 10 26  2.2  0.7 10.5  2.1  9.1   N   N    AVERAGE  6.5 354
2023 11 22 09 56  2.3  0.7 10.5  2.3  9.9   N   N    AVERAGE  6.5   2
2023 11 22 09 26  2.4  0.7 10.5  2.3  9.1   N NNW    AVERAGE  6.6 347
2023 11 22 08 56  2.2  0.7 11.1  2.1  9.1 NNE   N    AVERAGE  6.3 350
2023 11 22 08 26  2.2  0.6 10.5  2.1  9.1   N   N    AVERAGE  6.3 353
2023 11 22 07 56  2.1  0.7 10.5  2.1  9.1   N   N    AVERAGE  6.3   1
2023 11 22 07 26  2.3  0.6 10.5  2.3  9.1   N   N    AVERAGE  6.5 358
2023 11 22 06 56  2.2  0.6 10.5  2.1  9.1   N   N    AVERAGE  6.5 358
2023 11 22 06 26  2.1  0.5 10.5  2.1  9.1   N   N    AVERAGE  6.0 357
2023 11 22 05 56  2.0  0.6 10.5  1.9  7.7   N   N      STEEP  6.0 357
2023 11 22 05 26  1.8  0.5 10.5  1.8  6.2   N NNE VERY_STEEP  5.8  12
2023 11 22 04 56  1.7  0.4 10.5  1.7  5.9   N NNE VERY_STEEP  5.3  17
2023 11 22 04 26  1.5  0.4 11.1  1.5  5.6 NNE   N VERY_STEEP  5.0  11
2023 11 22 03 56  1.6  0.4 12.5  1.6  5.9 NNE   N VERY_STEEP  5.0   8
2023 11 22 03 26  1.4  0.4 10.5  1.4  5.3 NNE NNE VERY_STEEP  5.1  12
2023 11 22 02 56  1.2  0.4 11.1  1.2  5.6 NNE   N VERY_STEEP  5.1   1
2023 11 22 02 26  1.2  0.4 12.5  1.1  5.3 NNE   N VERY_STEEP  5.0   2
2023 11 22 01 56  1.2  0.4 11.1  1.2  5.3 NNE   N VERY_STEEP  4.7 355
2023 11 22 01 26  1.3  0.3 12.5  1.2  5.3 NNE   N VERY_STEEP  4.5   4
2023 11 22 00 56  1.3  0.4 11.8  1.3  5.6  NE   N VERY_STEEP  4.6   4
2023 11 22 00 26  1.3  0.3 12.5  1.2  5.3 NNE   N VERY_STEEP  4.6   8
2023 11 21 23 56  1.2  0.4 12.5  1.1  5.9 NNE   N      STEEP  4.9 360
2023 11 21 23 26  1.2  0.4 11.8  1.2  5.3 NNE   N VERY_STEEP  5.0  11
2023 11 21 22 56  1.2  0.4 11.8  1.1  5.6 NNE   N    AVERAGE  4.8  24
2023 11 21 22 26  1.2  0.4 11.8  1.1  5.0 NNE   N VERY_STEEP  4.9 358
2023 11 21 21 56  1.2  0.4 12.5  1.1  5.3 NNE NNE VERY_STEEP  4.8  14
2023 11 21 21 26  1.2  0.4 12.5  1.1  5.9 NNE   N      STEEP  5.0 350
2023 11 21 20 56  1.2  0.4 12.5  1.1  5.9 NNE NNW      STEEP  5.0 346
2023 11 21 20 26  1.1  0.4 12.5  1.0  6.2 NNE   N    AVERAGE  5.2  18
2023 11 21 19 56  1.1  0.4 11.8  1.1  5.0 NNE   N VERY_STEEP  5.2   2
2023 11 21 19 26  1.1  0.4 12.5  1.0  5.9 NNE   N    AVERAGE  5.3  19
2023 11 21 18 56  1.1  0.4 13.3  1.0  5.6 NNE   N      STEEP  5.4 357
2023 11 21 18 26  1.1  0.4 12.5  1.0  4.8 NNE   N VERY_STEEP  5.3 358
2023 11 21 17 56  1.1  0.5 12.5  1.0  5.6 NNE   N    AVERAGE  5.5  24
2023 11 21 17 26  1.1  0.5 12.5  0.9  9.1 NNE NNE    AVERAGE  5.5  22
2023 11 21 16 56  1.0  0.4 12.5  0.9  9.1 NNE  NE    AVERAGE  5.5  26
2023 11 21 16 26  1.0  0.4 12.5  1.0  9.1 NNE NNE    AVERAGE  5.3  21
2023 11 21 15 56  0.9  0.4 13.3  0.9  4.8 NNE   N    AVERAGE  5.2  29
2023 11 21 15 26  0.9  0.4 13.3  0.9  4.5 NNE   N    AVERAGE  5.2  17
2023 11 21 14 56  0.9  0.5 13.3  0.8  9.9 NNE NNE    AVERAGE  5.7  18
2023 11 21 14 26  0.9  0.4 13.3  0.8  9.9 NNE  NE    AVERAGE  5.5  32
2023 11 21 13 56  0.9  0.4 13.3  0.8  9.1 NNE NNE    AVERAGE  5.7  19
2023 11 21 13 26  0.9  0.5 13.3  0.8  9.1 NNE NNE    AVERAGE  5.7  15
2023 11 21 12 56  0.8  0.4 12.5  0.7  9.9 NNE  NE    AVERAGE  5.6  21
2023 11 21 12 26  0.8  0.4 13.3  0.7  9.1 NNE  NE    AVERAGE  5.8  31
2023 11 21 11 56  0.8  0.3 12.5  0.7  9.1 NNE NNE    AVERAGE  5.8  32
2023 11 21 11 26  0.8  0.4 13.3  0.7  9.9 NNE  NE    AVERAGE  6.0  24
2023 11 21 10 56  0.8  0.4 12.5  0.7  9.9 NNE NNE        N/A  6.1  24
2023 11 21 10 26  0.7  0.4 13.3  0.6  9.9 NNE  NE        N/A  6.3  21
2023 11 21 09 56  0.8  0.4 10.5  0.7  9.1 NNE NNE        N/A  6.7  21
2023 11 21 09 26  0.8  0.4 11.1  0.7  9.9 NNE NNE        N/A  7.0  17
2023 11 21 08 56  0.7  0.4 13.3  0.6  9.1 NNE  NE        N/A  6.6  15
2023 11 21 08 26  0.8  0.4 11.1  0.6  8.3 NNE  NE        N/A  6.7  28
2023 11 21 07 56  0.7  0.5 12.5  0.6  8.3 NNE NNE        N/A  7.5  28
2023 11 21 07 26  0.8  0.5 13.3  0.6  8.3 NNE  NE        N/A  7.6  24
2023 11 21 06 56  0.7  0.4 13.3  0.6  9.9 NNE NNE        N/A  7.7  22
2023 11 21 06 26  0.7  0.4 11.8  0.6  9.1  NE  NE        N/A  7.4  35
2023 11 21 05 56  0.8  0.5 12.5  0.6  5.9 NNE  NW        N/A  7.5  26
2023 11 21 05 26  0.8  0.5 13.3  0.6  9.1 NNE  NE        N/A  7.4  21
2023 11 21 04 56  0.8  0.5 13.3  0.6  9.1 NNE NNE        N/A  7.5  19
2023 11 21 04 26  0.8  0.5 14.3  0.7  9.1 NNE  NE    AVERAGE  7.4  17
2023 11 21 03 56  0.8  0.5 13.3  0.7  8.3 NNE  NE    AVERAGE  7.4  19
2023 11 21 03 26  0.8  0.5 13.3  0.7  9.1 NNE  NE    AVERAGE  7.2  24
2023 11 21 02 56  0.8  0.5 13.3  0.7  6.2 NNE   N    AVERAGE  6.8  12
2023 11 21 02 26  0.8  0.5 14.3  0.7  6.7 NNE   N    AVERAGE  6.9  18
2023 11 21 01 56  0.9  0.5 13.3  0.7  9.1 NNE  NE    AVERAGE  6.8  24
2023 11 21 01 26  0.9  0.5 13.3  0.7  9.9 NNE  NE    AVERAGE  6.8  19
2023 11 21 00 56  1.0  0.6 12.5  0.8  5.6 NNE   N    AVERAGE  6.6  24
2023 11 21 00 26  0.9  0.6 13.3  0.8  9.9 NNE NNE    AVERAGE  6.7  25
2023 11 20 23 56  1.0  0.6 13.3  0.8  5.6 NNE NNW    AVERAGE  6.4  29
2023 11 20 23 26  1.0  0.5 13.3  0.8  5.9 NNE NNW    AVERAGE  6.0  12
2023 11 20 22 56  1.1  0.6 14.3  0.9  5.9 NNE   N    AVERAGE  6.3  21
2023 11 20 22 26  1.1  0.6 13.3  0.8  5.9 NNE   N    AVERAGE  6.4  24
2023 11 20 21 56  1.1  0.7 12.5  0.9  6.2 NNE   N    AVERAGE  6.5  26
2023 11 20 21 26  1.1  0.7 13.3  0.8  5.3 NNE NNW    AVERAGE  6.6  15
2023 11 20 20 56  1.1  0.6 12.5  0.9  6.2 NNE   N    AVERAGE  6.2  21
2023 11 20 20 26  1.0  0.5 14.3  0.8  5.6 NNE NNW    AVERAGE  5.9  19
2023 11 20 19 56  1.0  0.7 13.3  0.8  5.3 NNE   N    AVERAGE  6.8  25
2023 11 20 19 26  1.0  0.6 14.3  0.7  5.9 NNE   N    AVERAGE  6.5  17
2023 11 20 18 56  1.0  0.7 13.3  0.7  9.1 NNE  NE      SWELL  6.8  26
2023 11 20 18 26  1.0  0.6 12.5  0.8  9.9 NNE NNE    AVERAGE  6.1  24
2023 11 20 17 56  1.0  0.7 13.3  0.8  9.9 NNE NNE    AVERAGE  6.4  22
2023 11 20 17 26  1.0  0.6 14.3  0.8  9.1 NNE NNE    AVERAGE  5.7  18
2023 11 20 16 56  1.1  0.6 14.3  0.9  9.9 NNE NNE    AVERAGE  5.6  21
2023 11 20 16 26  1.1  0.6 14.3  0.9  8.3 NNE  NE    AVERAGE  5.4  17
2023 11 20 15 56  1.1  0.6 14.3  1.0  4.0 NNE   N    AVERAGE  5.0  25
2023 11 20 15 26  1.1  0.7 12.5  0.9  3.3 NNE NNE    AVERAGE  5.0  29
2023 11 20 14 56  1.0  0.6 13.3  0.8  8.3 NNE  NE    AVERAGE  5.4  22
2023 11 20 14 26  0.9  0.6 13.3  0.7  8.3 NNE  NE    AVERAGE  5.8  25
2023 11 20 13 56  0.9  0.6 14.3  0.6  9.1 NNE  NE      SWELL  8.0  22
2023 11 20 13 26  0.9  0.6 13.3  0.6  8.3 NNE  NE      SWELL  7.9  19
2023 11 20 12 56  0.8  0.6 12.5  0.6  9.1 NNE  NE      SWELL  7.8  31
2023 11 20 12 26  0.9  0.6 14.3  0.7  9.1 NNE  NE    AVERAGE  7.5  25
2023 11 20 11 56  0.9  0.7 14.3  0.7  8.3 NNE  NE      SWELL  7.5  18
2023 11 20 11 26  0.9  0.7 15.4  0.6  9.1 NNE  NE      SWELL  7.6  19
2023 11 20 10 56  0.9  0.7 13.3  0.6  9.1 NNE  NE      SWELL  7.5  19
2023 11 20 10 26  0.9  0.7 14.3  0.7  9.9 NNE NNE      SWELL  7.4  21
2023 11 20 09 56  0.9  0.6 15.4  0.7  9.1 NNE NNE    AVERAGE  7.6  17
2023 11 20 09 26  0.9  0.6 15.4  0.7  9.9 NNE NNE    AVERAGE  7.4  19
2023 11 20 08 56  0.9  0.6 14.3  0.7  9.1 NNE  NE    AVERAGE  7.5  14
2023 11 20 08 26  0.9  0.7 14.3  0.7  9.1 NNE  NE      SWELL  8.1  18
2023 11 20 07 56  1.0  0.7 15.4  0.7  8.3 NNE  NE      SWELL  7.8  26
2023 11 20 07 26  1.0  0.7 14.3  0.7  9.1 NNE  NE      SWELL  8.0  18
2023 11 20 06 56  0.9  0.7 15.4  0.7  9.9 NNE  NE      SWELL  7.9  18
2023 11 20 06 26  1.0  0.7 15.4  0.7  9.9 NNE  NE      SWELL  8.3  26
2023 11 20 05 56  1.1  0.8 15.4  0.7  9.1 NNE  NE      SWELL  8.4  21
2023 11 20 05 26  1.1  0.8 15.4  0.8  9.9 NNE NNE      SWELL  7.9  21
2023 11 20 04 56  1.0  0.7 14.3  0.8  9.1 NNE  NE    AVERAGE  7.5  26
2023 11 20 04 26  1.1  0.8 14.3  0.7  9.9 NNE NNE      SWELL  8.3  29
2023 11 20 03 56  1.1  0.8 15.4  0.8  9.1 NNE NNE      SWELL  8.2  22
2023 11 20 03 26  1.1  0.8 12.5  0.8  9.9 NNE  NE      SWELL  8.2  28
2023 11 20 02 56  1.0  0.8 15.4  0.7  9.9 NNE NNE      SWELL  8.0  18
2023 11 20 02 26  1.2  0.9 13.3  0.8  9.9 NNE  NE      SWELL  8.8  22
2023 11 20 01 56  1.2  0.9 15.4  0.7  9.1 NNE NNE      SWELL  8.8  21
2023 11 20 01 26  1.3  1.0 15.4  0.8  9.9 NNE NNE      SWELL  9.0  15
2023 11 20 00 56  1.2  1.0 13.3  0.8  9.9 NNE NNE      SWELL  8.6  17
2023 11 20 00 26  1.1  0.9 14.3  0.8  9.9 NNE NNE      SWELL  8.4  19
2023 11 19 23 56  1.3  1.0 14.3  0.8  9.9 NNE NNE      SWELL  8.9  24
2023 11 19 23 26  1.2  1.0 14.3  0.7  9.9 NNE NNE      SWELL  9.2  22
2023 11 19 22 56  1.3  1.0 15.4  0.8  9.9 NNE NNE      SWELL  8.9  17
2023 11 19 22 26  1.2  1.0 14.3  0.8  9.9 NNE NNE      SWELL  8.8  15
2023 11 19 21 56  1.4  1.2 14.3  0.8  9.9 NNE NNE      SWELL  9.7  21
2023 11 19 21 26  1.2  1.0 15.4  0.8  9.9 NNE NNE      SWELL  8.8  19
2023 11 19 20 56  1.4  1.2 15.4  0.8  9.1 NNE NNE      SWELL  9.6  17
2023 11 19 20 26  1.3  1.1 15.4  0.8  9.9 NNE NNE      SWELL  9.2  18
2023 11 19 19 56  1.3  1.1 15.4  0.8  9.9   N NNE      SWELL  8.9  11
2023 11 19 19 26  1.2  1.0 15.4  0.8  9.9 NNE NNE      SWELL  8.7  12
2023 11 19 18 56  1.4  1.1 15.4  0.8  9.9 NNE NNE      SWELL  9.1  14
2023 11 19 18 26  1.3  1.1 15.4  0.8  9.1 NNE NNE      SWELL  8.9  15
2023 11 19 17 56  1.3  1.0 15.4  0.8  9.9   N NNE      SWELL  8.6  11
2023 11 19 17 26  1.2  1.0 13.3  0.8  9.9 NNE NNE      SWELL  8.8  19
2023 11 19 16 56  1.4  1.1 15.4  0.8  9.9 NNE NNE      SWELL  9.4  18
2023 11 19 16 26  1.3  1.1 13.3  0.8  9.9 NNE NNE      SWELL  9.0  17
2023 11 19 15 56  1.3  1.1 13.3  0.7  9.9 NNE NNE      SWELL  9.4  22
2023 11 19 15 26  1.3  1.0 15.4  0.8  9.9 NNE NNE      SWELL  8.4  22
2023 11 19 14 56  1.4  1.1 15.4  0.9  9.9 NNE NNE      SWELL  8.8  22
2023 11 19 14 26  1.3  1.0 11.8  0.9  9.9 NNE NNE      SWELL  8.0  25
2023 11 19 13 56  1.5  1.2 15.4  0.9  7.7 NNE  NE      SWELL  8.6  19
2023 11 19 13 26  1.6  1.2 15.4  1.0  7.1 NNE  NE      SWELL  8.5  19
2023 11 19 12 56  1.5  1.1 14.3  1.0  9.9 NNE NNE      SWELL  8.2  19
2023 11 19 12 26  1.6  1.2 12.5  1.0  9.9 NNE NNE      SWELL  8.7  26
2023 11 19 11 56  1.5  1.2 14.3  1.0  9.1 NNE NNE      SWELL  8.9  15
2023 11 19 11 26  1.6  1.3 14.3  0.9  9.9 NNE NNE      SWELL  9.0  24
2023 11 19 10 56  1.6  1.2 15.4  0.9  9.9 NNE NNE      SWELL  8.9  12
2023 11 19 10 26  1.6  1.3 15.4  0.9  7.7 NNE  NE      SWELL  9.5  14
2023 11 19 09 56  1.5  1.2 13.3  0.9  7.7 NNE  NE      SWELL  8.9  21
2023 11 19 09 26  1.6  1.3 14.3  1.0  7.1 NNE  NE      SWELL  9.3  17
2023 11 19 08 56  1.7  1.4 13.3  1.0  7.7 NNE  NE      SWELL  9.5  18
2023 11 19 08 26  1.7  1.4 14.3  1.0  7.7 NNE  NE      SWELL  9.6  15
2023 11 19 07 56  1.6  1.3 13.3  1.0  7.7 NNE  NE      SWELL  9.2  18
2023 11 19 07 26  1.5  1.3 14.3  0.9  9.9 NNE NNE      SWELL  9.3  15
2023 11 19 06 56  1.6  1.4 13.3  0.9  7.7 NNE  NE      SWELL  9.6  21
2023 11 19 06 26  1.7  1.4 13.3  1.0  9.9 NNE NNE      SWELL  9.4  21
2023 11 19 05 56  1.6  1.4 14.3  0.9  8.3 NNE  NE      SWELL  9.7  19
2023 11 19 05 26  1.8  1.5 13.3  0.9  9.1 NNE NNE      SWELL 10.1  17
2023 11 19 04 56  1.6  1.3 14.3  0.9  7.7 NNE  NE      SWELL  9.2  18
2023 11 19 04 26  1.6  1.3 14.3  0.9  9.9 NNE NNE      SWELL  9.2  25
2023 11 19 03 56  1.7  1.4 14.3  1.0  7.7 NNE  NE      SWELL  9.4  15
2023 11 19 03 26  1.5  1.1 14.3  1.1  9.9 NNE NNE      SWELL  8.6  15
2023 11 19 02 56  1.6  1.3 14.3  1.0  8.3 NNE  NE      SWELL  9.0  17
2023 11 19 02 26  1.6  1.1 13.3  1.0  6.2 NNE ENE      SWELL  8.3  12
2023 11 19 01 56  1.6  1.2 13.3  1.1  9.9 NNE NNE      SWELL  8.7  15
2023 11 19 01 26  1.7  1.4 13.3  1.0  7.1 NNE  NE      SWELL  9.2  15
2023 11 19 00 56  1.6  1.2 14.3  1.1  7.7 NNE  NE      SWELL  8.6  17
2023 11 19 00 26  1.7  1.2 13.3  1.1  9.9 NNE NNE      SWELL  8.4  15
2023 11 18 23 56  1.7  1.3 14.3  1.1  9.9 NNE NNE      SWELL  8.5  18
2023 11 18 23 26  1.6  1.1 14.3  1.1  9.9 NNE NNE      SWELL  8.4  15
2023 11 18 22 56  1.8  1.4 14.3  1.2  9.9 NNE NNE      SWELL  8.8  15
2023 11 18 22 26  1.6  1.2 14.3  1.2  9.9 NNE NNE      SWELL  8.4  12
2023 11 18 21 56  1.7  1.3 13.3  1.2  9.1 NNE NNE      SWELL  8.5  14
2023 11 18 21 26  1.6  1.2 13.3  1.1  9.1 NNE NNE      SWELL  8.4  14
2023 11 18 20 56  1.8  1.3 13.3  1.2  7.7 NNE  NE      SWELL  8.5  22
2023 11 18 20 26  1.6  1.1 12.5  1.1  9.9 NNE NNE      SWELL  8.2  14
2023 11 18 19 56  1.9  1.4 15.4  1.2  8.3 NNE  NE      SWELL  8.8  14
2023 11 18 19 26  1.9  1.4 14.3  1.2  8.3 NNE NNE      SWELL  8.6  21
2023 11 18 18 56  1.8  1.3 12.5  1.3  7.7 NNE NNE      SWELL  8.4  12
2023 11 18 18 26  1.7  1.2 14.3  1.2  7.7 NNE  NE      SWELL  8.2  21
2023 11 18 17 56  2.0  1.6 14.3  1.3  6.7 NNE  NE      SWELL  9.2  17
2023 11 18 17 26  2.0  1.5 13.3  1.4  7.7 NNE  NE      SWELL  8.6  14
2023 11 18 16 56  1.9  1.4 14.3  1.3  8.3   N NNE      SWELL  8.4  10
2023 11 18 16 26  2.0  1.5 14.3  1.3  9.9 NNE NNE      SWELL  8.5  18
2023 11 18 15 56  1.9  1.3 13.3  1.4  7.1 NNE  NE    AVERAGE  8.3  17
2023 11 18 15 26  2.2  1.6 14.3  1.5  8.3 NNE NNE      SWELL  8.6  12
2023 11 18 14 56  2.0  1.5 13.3  1.4  8.3 NNE NNE      SWELL  8.4  19
2023 11 18 14 26  2.1  1.6 14.3  1.4  9.1 NNE NNE      SWELL  8.6  15
2023 11 18 13 56  2.0  1.4 14.3  1.4  9.9 NNE NNE      SWELL  8.5  14
2023 11 18 13 26  2.1  1.5 13.3  1.5  9.9 NNE   N      SWELL  8.4  12
2023 11 18 12 56  1.9  1.3 14.3  1.4  9.1 NNE NNE    AVERAGE  8.0  14
2023 11 18 12 26  2.1  1.6 14.3  1.4  7.7 NNE  NE      SWELL  8.5  15
2023 11 18 11 56  2.1  1.6 13.3  1.3  7.7   N  NE      SWELL  8.6  11
2023 11 18 11 26  2.0  1.4 14.3  1.4  9.1 NNE NNE      SWELL  8.2  12
2023 11 18 10 56  2.1  1.6 13.3  1.5  9.9 NNE NNE      SWELL  8.6  18
2023 11 18 10 26  2.0  1.4 13.3  1.5  9.9 NNE NNE    AVERAGE  8.1  21
2023 11 18 09 56  2.3  1.7 13.3  1.5  9.1 NNE NNE      SWELL  8.8  15
2023 11 18 09 26  2.2  1.6 14.3  1.6  9.9 NNE NNE      SWELL  8.5  14
2023 11 18 08 56  2.4  1.9 12.5  1.5  9.9 NNE NNE      SWELL  9.1  12
2023 11 18 08 26  2.0  1.4 13.3  1.5  9.9 NNE   N    AVERAGE  8.2  19
2023 11 18 07 56  2.2  1.7 14.3  1.4  9.9 NNE NNE      SWELL  8.8  15
2023 11 18 07 26  2.2  1.7 14.3  1.5  9.9 NNE NNE      SWELL  8.8  15
2023 11 18 06 56  2.2  1.6 13.3  1.5  9.9 NNE NNE      SWELL  8.5  17
2023 11 18 06 26  2.4  1.9 14.3  1.5  9.1 NNE NNE      SWELL  9.1  17
2023 11 18 05 56  2.5  1.9 13.3  1.6  9.1 NNE NNE      SWELL  9.1  17
2023 11 18 05 26  2.3  1.7 13.3  1.5  8.3 NNE NNE      SWELL  8.7  14
2023 11 18 04 56  2.4  1.9 14.3  1.5  8.3 NNE NNE      SWELL  9.3  17
2023 11 18 04 26  2.5  2.1 12.5  1.4  8.3   N NNE      SWELL  9.7  11
2023 11 18 03 56  2.2  1.8 13.3  1.4  8.3 NNE NNE      SWELL  8.9  14
2023 11 18 03 26  2.4  2.0 14.3  1.4  8.3 NNE NNE      SWELL  9.4  17
2023 11 18 02 56  2.3  1.9 14.3  1.4  9.9 NNE NNE      SWELL  9.3  15
2023 11 18 02 26  2.6  2.2 14.3  1.4  9.1 NNE NNE      SWELL 10.0  17
2023 11 18 01 56  2.5  2.1 15.4  1.4  9.9 NNE NNE      SWELL  9.6  12
2023 11 18 01 26  2.3  1.8 13.3  1.5  9.9 NNE   N      SWELL  9.0  18
2023 11 18 00 56  2.4  1.9 15.4  1.6  9.9 NNE   N      SWELL  9.1  12
2023 11 18 00 26  2.0  1.5 11.1  1.4  7.1   N  NE      SWELL  8.1  11
2023 11 17 23 56  2.2  1.6 12.5  1.6  9.9 NNE NNE      SWELL  8.5  14
2023 11 17 23 26  2.2  1.7 14.3  1.5  9.9 NNE   N      SWELL  8.7  15
2023 11 17 22 56  2.2  1.6 11.8  1.6  9.9 NNE   N      SWELL  8.2  12
2023 11 17 22 26  2.1  1.4 15.4  1.6  9.1   N NNE    AVERAGE  7.8  11
2023 11 17 21 56  2.1  1.4 13.3  1.6  9.1 NNE NNE    AVERAGE  7.5  17
2023 11 17 21 26  2.1  1.3 12.5  1.7  9.1 NNE NNE    AVERAGE  7.5  14
2023 11 17 20 56  2.1  1.3 10.5  1.6  9.9 NNE   N    AVERAGE  7.5  15
2023 11 17 20 26  2.1  1.2 12.5  1.7  9.9 NNE NNE    AVERAGE  7.6  17
2023 11 17 19 56  2.1  1.3 12.5  1.7  9.1 NNE NNE    AVERAGE  7.4  19
2023 11 17 19 26  2.1  1.3 11.1  1.6  9.9 NNE   N    AVERAGE  7.5  17
2023 11 17 18 56  2.1  1.3 11.1  1.7  9.1 NNE   N    AVERAGE  7.5  18
2023 11 17 18 26  2.0  1.1 13.3  1.6  9.9 NNE   N    AVERAGE  7.0  19
2023 11 17 17 56  2.0  1.1 11.1  1.7  9.9 NNE NNE    AVERAGE  7.2  21
2023 11 17 17 26  2.0  1.2 11.1  1.6  9.1 NNE NNE    AVERAGE  7.2  14
2023 11 17 16 56  2.0  1.0 11.8  1.7  9.1 NNE NNE    AVERAGE  7.0  18
2023 11 17 16 26  1.9  1.0 13.3  1.6  9.1 NNE NNE    AVERAGE  7.1  14
2023 11 17 15 56  1.9  1.1 11.1  1.6  9.1 NNE NNE    AVERAGE  7.2  18
2023 11 17 15 26  1.8  1.0 11.8  1.5  9.1 NNE NNE    AVERAGE  7.0  17
2023 11 17 14 56  1.8  0.9 11.1  1.5  9.9 NNE NNE    AVERAGE  7.0  15
2023 11 17 14 26  1.8  0.9 12.5  1.6  8.3 NNE NNE    AVERAGE  7.0  18
2023 11 17 13 56  1.7  0.9 11.8  1.4  9.1 NNE   N    AVERAGE  7.1   8
2023 11 17 13 26  1.5  0.8 14.3  1.3  9.9 NNE NNE    AVERAGE  6.7  14
2023 11 17 12 56  1.6  0.8 11.1  1.5  8.3 NNE NNE    AVERAGE  7.1  18
2023 11 17 12 26  1.5  0.7 10.5  1.4  8.3 NNE NNE    AVERAGE  6.6  21
2023 11 17 11 56  1.6  0.7 11.1  1.5  9.1 NNE NNE    AVERAGE  6.8  14
2023 11 17 11 26  1.5  0.6 11.1  1.4  8.3 NNE NNE    AVERAGE  6.6  12
2023 11 17 10 56  1.5  0.6 11.8  1.4  9.1 NNE   N    AVERAGE  6.5  11
2023 11 17 10 26  1.7  0.7 13.3  1.5  9.1 NNE   N    AVERAGE  6.8   8
2023 11 17 09 56  1.5  0.6 14.3  1.4  9.1 NNE   N    AVERAGE  6.6  10
2023 11 17 09 26  1.7  0.7 13.3  1.6  9.1 NNE   N    AVERAGE  6.8   5
2023 11 17 08 56  1.6  0.7 12.5  1.4  8.3 NNE NNE    AVERAGE  6.8  14
2023 11 17 08 26  1.5  0.6 13.3  1.4  8.3   N   N    AVERAGE  6.7  10
2023 11 17 07 56  1.6  0.6 12.5  1.4  9.1 NNE   N    AVERAGE  6.9   8
2023 11 17 07 26  1.5  0.6 13.3  1.3  8.3 NNE NNE    AVERAGE  6.8  14
2023 11 17 06 56  1.5  0.6 14.3  1.3  8.3 NNE   N    AVERAGE  6.8   4
2023 11 17 06 26  1.3  0.6 14.3  1.2  9.1 NNE   N    AVERAGE  6.8   8
2023 11 17 05 56  1.4  0.6 12.5  1.2  9.1 NNE   N    AVERAGE  6.8  11
2023 11 17 05 26  1.4  0.6 12.5  1.2  9.1 NNE   N    AVERAGE  6.8   7
2023 11 17 04 56  1.4  0.6 13.3  1.3  7.7 NNE NNE    AVERAGE  6.9  12
2023 11 17 04 26  1.2  0.5 13.3  1.1  7.7 NNE NNE    AVERAGE  6.5  15
2023 11 17 03 56  1.3  0.6 11.8  1.2  8.3 NNE   N    AVERAGE  7.0   5
2023 11 17 03 26  1.3  0.6 14.3  1.2  7.7 NNE NNE    AVERAGE  6.8  19
2023 11 17 02 56  1.2  0.6 14.3  1.1  8.3 NNE NNE    AVERAGE  6.8  15
2023 11 17 02 26  1.3  0.6 14.3  1.2  7.7 NNE   N    AVERAGE  6.8  11
2023 11 17 01 56  1.3  0.5 14.3  1.1  8.3 NNE NNE    AVERAGE  6.4  17
2023 11 17 01 26  1.3  0.6 14.3  1.2  8.3 NNE   N    AVERAGE  6.6  22
2023 11 17 00 56  1.3  0.6 14.3  1.1  8.3 NNE   N    AVERAGE  6.7   7
2023 11 17 00 26  1.3  0.5 14.3  1.2  8.3 NNE   N    AVERAGE  6.4   5
2023 11 16 23 56  1.4  0.5 12.5  1.3  7.7 NNE NNE    AVERAGE  6.3  12
2023 11 16 23 26  1.3  0.5 14.3  1.2  8.3 NNE   N    AVERAGE  6.0   4
2023 11 16 22 56  1.4  0.5 13.3  1.3  8.3 NNE   N    AVERAGE  5.8   4
2023 11 16 22 26  1.5  0.6 13.3  1.4  7.7 NNE   N    AVERAGE  5.8  11
2023 11 16 21 56  1.5  0.5 14.3  1.4  7.7 NNE NNE    AVERAGE  5.4  19
2023 11 16 21 26  1.6  0.6 14.3  1.4  8.3 NNE   N    AVERAGE  5.6   2
2023 11 16 20 56  1.5  0.5 14.3  1.4  8.3 NNE NNE    AVERAGE  5.3  14
2023 11 16 20 26  1.6  0.5 13.3  1.5  7.7 NNE   N    AVERAGE  5.2  11
2023 11 16 19 56  1.5  0.5 14.3  1.4  7.7 NNE NNE    AVERAGE  5.1  12
2023 11 16 19 26  1.5  0.5 14.3  1.4  9.1 NNE   N    AVERAGE  5.2 360
2023 11 16 18 56  1.6  0.6 15.4  1.4  8.3 NNE   N    AVERAGE  5.5  11
2023 11 16 18 26  1.5  0.5 14.3  1.4  8.3 NNE NNE    AVERAGE  5.3  14
2023 11 16 17 56  1.4  0.6 15.4  1.3  5.6 NNE ENE VERY_STEEP  5.4  62
2023 11 16 17 26  1.4  0.5 12.5  1.3  8.3 NNE   N    AVERAGE  5.7   2
2023 11 16 16 56  1.3  0.5 13.3  1.2  8.3 NNE   N    AVERAGE  5.8   4
2023 11 16 16 26  1.4  0.6 12.5  1.2  7.7 NNE   N    AVERAGE  6.0  18
2023 11 16 15 56  1.2  0.4 15.4  1.2  5.6 NNE ENE VERY_STEEP  5.6  57
2023 11 16 15 26  1.3  0.6 13.3  1.2  8.3 NNE   N    AVERAGE  6.1  28
2023 11 16 14 56  1.3  0.5 13.3  1.2  5.6 NNE  NE VERY_STEEP  5.8  55
2023 11 16 14 26  1.2  0.5 13.3  1.1  9.1 NNE   N    AVERAGE  6.0  10
2023 11 16 13 56  1.2  0.5 13.3  1.1  7.7 NNE NNE    AVERAGE  6.0  12
2023 11 16 13 26  1.2  0.5 12.5  1.1  8.3 NNE   N    AVERAGE  6.4   8
2023 11 16 12 56  1.2  0.6 12.5  1.1  5.3 NNE ENE    AVERAGE  6.3  15
2023 11 16 12 26  1.2  0.5 13.3  1.1  8.3 NNE   N    AVERAGE  6.3   8
2023 11 16 11 56  1.2  0.5 13.3  1.1  8.3 NNE   N    AVERAGE  6.2  25
2023 11 16 11 26  1.2  0.6 13.3  1.1  7.7 NNE   N    AVERAGE  6.6   8
2023 11 16 10 56  1.2  0.6 13.3  1.0  8.3 NNE   N    AVERAGE  6.4  19
2023 11 16 10 26  1.2  0.5 10.5  1.1  8.3 NNE   N    AVERAGE  6.1  10
2023 11 16 09 56  1.2  0.6 12.5  1.1  8.3 NNE   N    AVERAGE  6.4   4
2023 11 16 09 26  1.1  0.5 13.3  1.1  7.7 NNE   N    AVERAGE  6.1  10
2023 11 16 08 56  1.2  0.5 13.3  1.1  9.1 NNE   N    AVERAGE  6.3   1
2023 11 16 08 26  1.1  0.5 14.3  0.9  9.1 NNE   N    AVERAGE  6.4 357
2023 11 16 07 56  1.1  0.5 14.3  1.0  9.1 NNE   N    AVERAGE  6.3 360
2023 11 16 07 26  1.1  0.6 13.3  0.9  9.1 NNE   N    AVERAGE  6.7  14
2023 11 16 06 56  1.1  0.5 14.3  1.0  9.1 NNE   N    AVERAGE  6.8 360
2023 11 16 06 26  1.1  0.5 13.3  0.9  9.1   N   N    AVERAGE  6.7  11
2023 11 16 05 56  1.0  0.4 13.3  0.9  9.1 NNE   N    AVERAGE  6.7 357
2023 11 16 05 26  1.1  0.5 14.3  1.0  8.3 NNE   N    AVERAGE  7.1   4
2023 11 16 04 56  1.1  0.5 14.3  0.9  9.1 NNE   N    AVERAGE  7.0   5
2023 11 16 04 26  1.0  0.5 10.5  0.9  9.1 NNE   N    AVERAGE  7.0   2
2023 11 16 03 56  1.0  0.5 13.3  0.9  9.1 NNE   N    AVERAGE  7.3   5
2023 11 16 03 26  0.9  0.5 11.1  0.8  9.1   N   N    AVERAGE  6.8  10
2023 11 16 02 56  1.0  0.5 14.3  0.9  9.1 NNE   N    AVERAGE  6.9   1
2023 11 16 02 26  1.0  0.4 14.3  0.9  9.1 NNE   N    AVERAGE  6.5  11
2023 11 16 01 56  1.0  0.5 14.3  0.9  9.1 NNE   N    AVERAGE  6.3   4
2023 11 16 01 26  1.0  0.5 14.3  0.9  9.1 NNE   N    AVERAGE  6.0   7
2023 11 16 00 56  1.0  0.5 10.5  0.9  9.1   N NNE    AVERAGE  6.1  17
2023 11 16 00 26  1.0  0.4 11.1  0.9  9.1   N   N    AVERAGE  5.7 357
2023 11 15 23 56  1.0  0.5 10.5  0.9  9.9   N   N    AVERAGE  5.6 360
2023 11 15 23 26  1.0  0.4 10.5  0.9  9.9   N   N    AVERAGE  5.4   7
2023 11 15 22 56  1.1  0.4 11.8  1.0  9.1   N   N    AVERAGE  5.5 358
2023 11 15 22 26  1.1  0.4 11.1  1.0  9.1   N   N    AVERAGE  5.2 350
2023 11 15 21 56  1.1  0.5 10.5  1.0  9.9 NNW   N    AVERAGE  5.2 354
2023 11 15 21 26  1.1  0.4 11.1  1.1  9.9   N   N    AVERAGE  5.0   5
2023 11 15 20 56  1.2  0.5 10.5  1.1  9.9   N   N    AVERAGE  4.9 350
2023 11 15 20 26  1.2  0.4 10.5  1.1  9.9 NNW NNW    AVERAGE  5.0 347
2023 11 15 19 56  1.2  0.5 10.5  1.1  9.9   N   N    AVERAGE  5.3 360
2023 11 15 19 26  1.1  0.5 10.5  1.1  9.1   N   N    AVERAGE  5.0 357
2023 11 15 18 56  1.1  0.5 10.5  1.0  9.9   N NNW    AVERAGE  5.0 340
2023 11 15 18 26  1.1  0.5 10.5  1.0  9.9 NNW   N    AVERAGE  5.1 346
2023 11 15 17 56  1.1  0.6 11.1  0.9  9.9   N   N    AVERAGE  5.3 360
2023 11 15 17 26  1.1  0.5 10.5  1.0  9.9   N   N    AVERAGE  5.5 354
2023 11 15 16 56  1.1  0.5 10.5  0.9  9.9   N   N    AVERAGE  5.5   2
2023 11 15 16 26  1.0  0.6 10.5  0.9  9.9   N   N    AVERAGE  5.8 358
2023 11 15 15 56  1.0  0.5 10.5  0.8  9.9 NNW NNW    AVERAGE  5.5 343
2023 11 15 15 26  1.0  0.6 10.5  0.9  9.9   N   N    AVERAGE  5.8 358
2023 11 15 14 56  1.1  0.6 10.5  0.9  9.9   N   N    AVERAGE  6.2 351
2023 11 15 14 26  1.0  0.5 10.5  0.9  9.9   N NNE    AVERAGE  6.1   1
2023 11 15 13 56  1.0  0.6 10.5  0.8  9.9   N NNE    AVERAGE  6.2 360
2023 11 15 13 26  1.0  0.6 11.1  0.8  9.9   N NNE    AVERAGE  6.5   1
2023 11 15 12 56  1.0  0.6 10.5  0.8  5.3   N ENE    AVERAGE  6.5 358
2023 11 15 12 26  1.0  0.6 10.5  0.8  7.7   N NNE    AVERAGE  6.8   1
2023 11 15 11 56  0.9  0.5 11.1  0.8  9.9   N NNE    AVERAGE  6.2 355
2023 11 15 11 26  1.0  0.6 11.1  0.8  7.7   N NNE    AVERAGE  6.4 353
2023 11 15 10 56  1.0  0.6 11.1  0.8  5.0   N ENE    AVERAGE  6.3   5
2023 11 15 10 26  1.0  0.5 11.1  0.8  7.7   N NNE    AVERAGE  6.1   8
2023 11 15 09 56  0.9  0.5 11.1  0.8  8.3   N NNE    AVERAGE  6.1   8
2023 11 15 09 26  0.9  0.5 11.1  0.8  7.7   N NNE    AVERAGE  6.0  10
2023 11 15 08 56  1.0  0.5 11.1  0.9  8.3   N NNE    AVERAGE  6.1   8
2023 11 15 08 26  0.9  0.4 10.5  0.8  7.7 NNE NNE    AVERAGE  5.7  19
2023 11 15 07 56  0.9  0.5 11.8  0.8  8.3   N NNE    AVERAGE  6.0   1
2023 11 15 07 26  0.9  0.4 11.8  0.8  7.7   N   N    AVERAGE  5.8   8
2023 11 15 06 56  0.9  0.3 11.8  0.8  8.3   N NNE    AVERAGE  5.6  15
2023 11 15 06 26  0.9  0.4 12.5  0.8  7.7   N   N    AVERAGE  5.6  10
2023 11 15 05 56  0.9  0.4 12.5  0.8  8.3   N NNE    AVERAGE  5.8   5
2023 11 15 05 26  0.8  0.3 11.8  0.8  5.3 NNE ENE    AVERAGE  5.3  19
2023 11 15 04 56  0.8  0.3 11.8  0.8  8.3 NNE   N    AVERAGE  5.5  21
2023 11 15 04 26  0.9  0.4 12.5  0.8  8.3 NNE NNE    AVERAGE  5.7  12
2023 11 15 03 56  0.8  0.3 11.8  0.8  5.3 NNE ENE      STEEP  5.5  62
2023 11 15 03 26  0.9  0.3 12.5  0.8  8.3 NNE NNE    AVERAGE  5.5  15
2023 11 15 02 56  0.9  0.3 11.8  0.8  8.3 NNE NNE    AVERAGE  5.5  25
2023 11 15 02 26  0.8  0.3 12.5  0.8  8.3 NNE NNE    AVERAGE  5.5  19
2023 11 15 01 56  0.9  0.3 11.8  0.8  5.0 NNE ENE VERY_STEEP  5.2  60
2023 11 15 01 26  0.9  0.3 12.5  0.8  8.3 NNE   N    AVERAGE  5.2  10
2023 11 15 00 56  0.9  0.3 12.5  0.8  5.3   N ENE      STEEP  5.1  63
2023 11 15 00 26  0.9  0.3 12.5  0.9  5.3   N ENE    AVERAGE  5.0  10
2023 11 14 23 56  1.0  0.3 11.8  0.9  8.3 NNE   N    AVERAGE  4.9  10
2023 11 14 23 26  1.0  0.3 11.8  0.9  5.0   N ENE VERY_STEEP  4.7  63
2023 11 14 22 56  1.0  0.3 12.5  1.0  4.8   N ENE VERY_STEEP  4.6  62
2023 11 14 22 26  1.0  0.3 12.5  1.0  4.8 NNE ENE VERY_STEEP  4.4  60
2023 11 14 21 56  1.0  0.3 12.5  0.9  5.3 NNE ENE      STEEP  4.3  59
2023 11 14 21 26  1.0  0.3 13.3  1.0  5.0 NNE ENE VERY_STEEP  4.3  66
2023 11 14 20 56  1.1  0.3 11.8  1.0  4.2 NNE ENE VERY_STEEP  4.3  64
2023 11 14 20 26  1.1  0.3 11.1  1.0  8.3 NNE   N    AVERAGE  4.2   1
2023 11 14 19 56  1.0  0.3 13.3  1.0  4.3   N ENE    AVERAGE  4.2   8
2023 11 14 19 26  1.0  0.3 11.8  1.0  8.3 NNE   N    AVERAGE  4.2   7
2023 11 14 18 56  1.0  0.3 12.5  0.9  5.3 NNE ENE    AVERAGE  4.3  14
2023 11 14 18 26  1.1  0.3 11.8  1.0  5.3 NNE ENE VERY_STEEP  4.3  64
2023 11 14 17 56  1.0  0.3 12.5  1.0  4.3 NNE ENE    AVERAGE  4.3  21
2023 11 14 17 26  1.1  0.3 12.5  1.0  5.0 NNE ENE VERY_STEEP  4.5  64
2023 11 14 16 56  1.0  0.3 12.5  0.9  9.1 NNE   N    AVERAGE  4.7   1
2023 11 14 16 26  0.9  0.3 12.5  0.8  9.1 NNE   N    AVERAGE  4.8   4
2023 11 14 15 56  0.9  0.4 12.5  0.8  5.0 NNE ENE    AVERAGE  4.9  31
2023 11 14 15 26  0.8  0.3 12.5  0.8  8.3 NNE NNE    AVERAGE  5.1  26
2023 11 14 14 56  0.9  0.3 12.5  0.8  5.6   N ENE    AVERAGE  5.1   8
2023 11 14 14 26  0.9  0.3 12.5  0.8  5.9 NNE  NE      STEEP  5.2  53
2023 11 14 13 56  0.9  0.3 13.3  0.8  5.3 NNE ENE    AVERAGE  5.4  19
2023 11 14 13 26  0.9  0.3 13.3  0.9  5.3 NNE ENE      STEEP  5.5  57
2023 11 14 12 56  0.9  0.3 11.8  0.8  5.6 NNE  NE    AVERAGE  5.5  22
2023 11 14 12 26  0.9  0.3 12.5  0.9  6.2 NNE ENE    AVERAGE  5.5  19
2023 11 14 11 56  0.9  0.3 12.5  0.8  5.6 NNE ENE    AVERAGE  5.7  26
2023 11 14 11 26  0.9  0.3 12.5  0.9  5.3 NNE ENE      STEEP  5.4  63
2023 11 14 10 56  0.8  0.3 12.5  0.8  5.6 NNE ENE    AVERAGE  5.5  25
2023 11 14 10 26  0.9  0.4 13.3  0.8  5.6 NNE  NE      STEEP  5.6  56
2023 11 14 09 56  0.9  0.3 13.3  0.9  5.3 NNE  NE      STEEP  5.4  55
2023 11 14 09 26  0.9  0.4 13.3  0.8  5.3 NNE ENE    AVERAGE  5.6  17
2023 11 14 08 56  0.9  0.4 12.5  0.8  5.3 NNE ENE    AVERAGE  5.7  17
2023 11 14 08 26  0.9  0.3 13.3  0.8  5.0 NNE ENE    AVERAGE  5.5  29
2023 11 14 07 56  1.0  0.3 12.5  0.9  5.9 NNE ENE      STEEP  5.4  60
2023 11 14 07 26  0.9  0.4 12.5  0.9  4.8 NNE  NE VERY_STEEP  5.2  56
2023 11 14 06 56  0.9  0.3 13.3  0.9  5.0 NNE ENE VERY_STEEP  5.2  62
2023 11 14 06 26  0.9  0.3 13.3  0.9  5.9 NNE ENE      STEEP  5.5  63
2023 11 14 05 56  0.9  0.3 13.3  0.9  4.8 NNE ENE VERY_STEEP  5.3  62
2023 11 14 05 26  0.9  0.3 13.3  0.8  5.0 NNE ENE VERY_STEEP  5.4  57
2023 11 14 04 56  0.9  0.3 13.3  0.9  5.0 NNE  NE VERY_STEEP  5.4  50
2023 11 14 04 26  0.9  0.3 13.3  0.9  5.3 NNE  NE      STEEP  5.3  56
2023 11 14 03 56  1.0  0.3 13.3  0.9  5.9 NNE  NE      STEEP  5.3  53
2023 11 14 03 26  1.0  0.3 14.3  1.0  5.3 NNE ENE VERY_STEEP  5.3  60
2023 11 14 02 56  1.0  0.3 13.3  1.0  5.9 NNE  NE      STEEP  5.3  53
2023 11 14 02 26  1.0  0.3 13.3  1.0  5.9   N  NE      STEEP  5.3  56
2023 11 14 01 56  1.0  0.3 14.3  1.0  6.7 NNE ENE    AVERAGE  5.2  60
2023 11 14 01 26  1.1  0.4 13.3  1.1  5.0 NNE ENE VERY_STEEP  5.3  59
2023 11 14 00 56  1.0  0.3 14.3  1.0  5.9 NNE  NE      STEEP  5.0  52
2023 11 14 00 26  1.1  0.3 13.3  1.0  5.0 NNE  NE VERY_STEEP  5.0  53
2023 11 13 23 56  1.1  0.4 13.3  1.0  5.0 NNE  NE VERY_STEEP  5.1  50
2023 11 13 23 26  1.1  0.3 13.3  1.0  5.0 NNE  NE VERY_STEEP  4.8  50
2023 11 13 22 56  1.1  0.3 13.3  1.1  5.0 NNE  NE VERY_STEEP  4.7  56
2023 11 13 22 26  1.2  0.3 13.3  1.1  5.9 NNE  NE      STEEP  4.6  55
2023 11 13 21 56  1.2  0.3 14.3  1.2  5.0 NNE ENE VERY_STEEP  4.6  62
2023 11 13 21 26  1.1  0.3 13.3  1.1  5.6 NNE  NE      STEEP  4.6  46
2023 11 13 20 56  1.2  0.3 14.3  1.1  5.9 NNE  NE      STEEP  4.7  50
2023 11 13 20 26  1.2  0.3 13.3  1.2  5.6 NNE  NE VERY_STEEP  4.5  56
2023 11 13 19 56  1.2  0.3 13.3  1.2  5.3 NNE  NE VERY_STEEP  4.6  52
2023 11 13 19 26  1.3  0.2 14.3  1.2  6.2 NNE  NE      STEEP  4.7  55
2023 11 13 18 56  1.3  0.3 14.3  1.2  7.1 NNE  NE    AVERAGE  4.8  55
2023 11 13 18 26  1.3  0.3 14.3  1.2  5.6 NNE ENE VERY_STEEP  4.9  57
2023 11 13 17 56  1.2  0.3 14.3  1.2  6.2 NNE  NE      STEEP  4.8  50
2023 11 13 17 26  1.2  0.3 15.4  1.1  6.7 NNE ENE      STEEP  5.0  59
2023 11 13 16 56  1.2  0.3 13.3  1.1  6.2 NNE  NE      STEEP  5.0  56
2023 11 13 16 26  1.2  0.3 15.4  1.1  7.1 NNE  NE    AVERAGE  5.1  49
2023 11 13 15 56  1.2  0.3 14.3  1.1  6.7   N  NE      STEEP  5.2  52
2023 11 13 15 26  1.1  0.3 13.3  1.1  6.2 NNE  NE      STEEP  5.3  52
2023 11 13 14 56  1.1  0.3 12.5  1.1  6.7 NNE  NE      STEEP  5.5  55
2023 11 13 14 26  1.2  0.3 12.5  1.1  6.7 NNE  NE      STEEP  5.7  52
2023 11 13 13 56  1.2  0.3 14.3  1.2  7.1 NNE  NE    AVERAGE  5.9  56
2023 11 13 13 26  1.2  0.3 10.5  1.1  7.1 NNE  NE    AVERAGE  6.0  52
2023 11 13 12 56  1.2  0.3 12.5  1.1  7.7 NNE  NE    AVERAGE  6.0  53
2023 11 13 12 26  1.2  0.3 13.3  1.2  7.7 NNE  NE    AVERAGE  6.0  52
2023 11 13 11 56  1.3  0.3 13.3  1.3  6.7 NNE  NE      STEEP  6.0  47
2023 11 13 11 26  1.2  0.3 13.3  1.1  6.2 NNE  NE      STEEP  5.9  55
2023 11 13 10 56  1.2  0.4 14.3  1.1  7.1 NNE  NE    AVERAGE  6.1  50
2023 11 13 10 26  1.2  0.3 14.3  1.1  7.7 NNE  NE    AVERAGE  6.0  49
2023 11 13 09 56  1.2  0.3 13.3  1.2  7.1 NNE  NE    AVERAGE  5.8  55
2023 11 13 09 26  1.2  0.3 14.3  1.1  7.7 NNE  NE    AVERAGE  5.6  46
2023 11 13 08 56  1.2  0.3 14.3  1.1  6.2 NNE ENE      STEEP  5.7  60
2023 11 13 08 26  1.2  0.3 13.3  1.1  7.7 NNE  NE    AVERAGE  5.7  45
2023 11 13 07 56  1.2  0.3 14.3  1.2  6.2 NNE  NE      STEEP  5.7  56
2023 11 13 07 26  1.4  0.3 10.5  1.3  5.9 NNE  NE      STEEP  5.7  56
2023 11 13 06 56  1.2  0.3 14.3  1.2  7.1 NNE  NE    AVERAGE  5.7  49
2023 11 13 06 26  1.3  0.3 15.4  1.3  6.2 NNE  NE      STEEP  5.7  56
2023 11 13 05 56  1.4  0.4 11.1  1.3  7.1 NNE  NE      STEEP  5.7  45
2023 11 13 05 26  1.4  0.4 14.3  1.3  5.9 NNE ENE      STEEP  5.7  63
2023 11 13 04 56  1.3  0.3 14.3  1.3  5.9 NNE ENE      STEEP  5.6  57
2023 11 13 04 26  1.3  0.3 11.1  1.3  5.6 NNE  NE VERY_STEEP  5.7  55
2023 11 13 03 56  1.2  0.4 14.3  1.2  6.7 NNE  NE      STEEP  5.8  45
2023 11 13 03 26  1.4  0.4 14.3  1.3  6.2 NNE ENE      STEEP  5.7  59
2023 11 13 02 56  1.3  0.4 15.4  1.3  5.6 NNE ENE VERY_STEEP  5.7  62
2023 11 13 02 26  1.3  0.4 14.3  1.3  5.6 NNE ENE VERY_STEEP  5.7  59
2023 11 13 01 56  1.4  0.4 10.5  1.3  6.2 NNE  NE      STEEP  5.6  56
2023 11 13 01 26  1.4  0.5 10.5  1.3  6.2 NNE  NE      STEEP  5.7  47
2023 11 13 00 56  1.4  0.4 11.1  1.3  5.6 NNE  NE VERY_STEEP  5.6  55
2023 11 13 00 26  1.4  0.4 11.1  1.3  5.9 NNE  NE      STEEP  5.5  45
2023 11 12 23 56  1.4  0.4 14.3  1.3  5.9 NNE ENE      STEEP  5.7  57
2023 11 12 23 26  1.5  0.4 12.5  1.4  6.2 NNE  NE      STEEP  5.6  53
2023 11 12 22 56  1.5  0.5 10.5  1.4  7.1 NNE  NE      STEEP  5.5  45
2023 11 12 22 26  1.6  0.5 10.5  1.5  6.7 NNE  NE      STEEP  5.4  52
2023 11 12 21 56  1.5  0.4 10.5  1.5  5.9 NNE ENE VERY_STEEP  5.3  57
2023 11 12 21 26  1.6  0.5 14.3  1.5  5.6 NNE ENE VERY_STEEP  5.2  64
2023 11 12 20 56  1.5  0.5 10.5  1.4  5.6  NE ENE VERY_STEEP  5.2  60
2023 11 12 20 26  1.5  0.5 11.1  1.4  6.2 NNE  NE      STEEP  5.1  56
2023 11 12 19 56  1.6  0.5 14.3  1.5  6.7 NNE  NE      STEEP  5.2  50
2023 11 12 19 26  1.7  0.5 11.1  1.6  5.9 NNE  NE VERY_STEEP  5.3  50
2023 11 12 18 56  1.6  0.4 10.5  1.5  6.7   N  NE      STEEP  5.0  45
2023 11 12 18 26  1.6  0.5 10.5  1.5  5.6 NNE ENE VERY_STEEP  5.2  62
2023 11 12 17 56  1.6  0.5 10.5  1.5  5.9 NNE ENE VERY_STEEP  5.2  60
2023 11 12 17 26  1.7  0.5 10.5  1.6  6.7 NNE  NE      STEEP  5.4  56
2023 11 12 16 56  1.7  0.5 11.1  1.6  6.2 NNE  NE VERY_STEEP  5.3  52
2023 11 12 16 26  1.7  0.5 14.3  1.7  6.7 NNE  NE      STEEP  5.5  52
2023 11 12 15 56  1.6  0.5 10.5  1.6  6.7 NNE  NE      STEEP  5.3  55
2023 11 12 15 26  1.6  0.5 15.4  1.5  6.2 NNE ENE      STEEP  5.5  57
2023 11 12 14 56  1.5  0.4 14.3  1.4  6.7   N  NE      STEEP  5.5  50
2023 11 12 14 26  1.5  0.5 11.1  1.4  7.1 NNE  NE      STEEP  5.6  49
2023 11 12 13 56  1.5  0.5 15.4  1.4  6.7 NNE  NE      STEEP  5.7  50
2023 11 12 13 26  1.6  0.5 11.1  1.5  7.1 NNE  NE      STEEP  6.0  52
2023 11 12 12 56  1.5  0.4 12.5  1.5  6.7 NNE  NE      STEEP  5.9  56
2023 11 12 12 26  1.6  0.5 10.5  1.6  6.2 NNE  NE      STEEP  6.1  50
2023 11 12 11 56  1.5  0.5 15.4  1.4  6.7 NNE  NE      STEEP  6.1  53
2023 11 12 11 26  1.6  0.5 13.3  1.5  6.7 NNE  NE      STEEP  6.0  49
2023 11 12 10 56  1.6  0.5 12.5  1.5  6.7 NNE ENE      STEEP  6.0  57
2023 11 12 10 26  1.6  0.5 14.3  1.5  6.7 NNE  NE      STEEP  6.2  52
2023 11 12 09 56  1.4  0.5 14.3  1.4  7.1 NNE  NE      STEEP  6.1  46
2023 11 12 09 26  1.3  0.4 15.4  1.3  6.7 NNE  NE      STEEP  5.9  49
2023 11 12 08 56  1.3  0.4 13.3  1.3  7.7 NNE  NE    AVERAGE  6.0  39
2023 11 12 08 26  1.3  0.4 12.5  1.3  6.2 NNE  NE      STEEP  5.7  53
2023 11 12 07 56  1.4  0.5 16.7  1.3  6.7 NNE  NE      STEEP  6.0  46
2023 11 12 07 26  1.4  0.4 13.3  1.4  7.1 NNE  NE      STEEP  5.9  42
2023 11 12 06 56  1.4  0.4 15.4  1.3  7.1 NNE  NE      STEEP  6.0  49
2023 11 12 06 26  1.4  0.5 14.3  1.4  6.7 NNE  NE      STEEP  5.9  47
2023 11 12 05 56  1.4  0.5 13.3  1.4  7.7 NNE  NE    AVERAGE  5.8  50
2023 11 12 05 26  1.4  0.4 15.4  1.4  6.7 NNE  NE      STEEP  5.9  49
2023 11 12 04 56  1.3  0.4 13.3  1.2  7.7 NNE  NE    AVERAGE  6.0  47
2023 11 12 04 26  1.2  0.4 13.3  1.2  7.1 NNE  NE    AVERAGE  5.9  52
2023 11 12 03 56  1.3  0.4 15.4  1.2  7.1 NNE  NE    AVERAGE  6.1  50
2023 11 12 03 26  1.2  0.4 14.3  1.2  6.7 NNE  NE      STEEP  6.0  50
2023 11 12 02 56  1.3  0.4 14.3  1.3  7.1 NNE  NE      STEEP  5.9  49
2023 11 12 02 26  1.3  0.3 14.3  1.2  7.1 NNE  NE    AVERAGE  5.9  52
2023 11 12 01 56  1.3  0.4 14.3  1.2  7.1 NNE  NE    AVERAGE  5.8  52
2023 11 12 01 26  1.4  0.4 16.7  1.3  7.7   N  NE    AVERAGE  6.0  43
2023 11 12 00 56  1.3  0.4 15.4  1.2  5.6 NNE ENE VERY_STEEP  5.9  59
2023 11 12 00 26  1.3  0.4 14.3  1.2  7.7 NNE  NE    AVERAGE  5.9  50
2023 11 11 23 56  1.3  0.3 15.4  1.3  6.7 NNE  NE      STEEP  5.8  47
2023 11 11 23 26  1.2  0.3 14.3  1.2  7.1 NNE  NE    AVERAGE  5.6  55
2023 11 11 22 56  1.4  0.3 16.7  1.3  6.2 NNE  NE      STEEP  5.6  50
2023 11 11 22 26  1.3  0.3 12.5  1.2  7.7 NNE  NE    AVERAGE  5.5  56
2023 11 11 21 56  1.5  0.3 15.4  1.4  7.7 NNE  NE    AVERAGE  5.6  52
2023 11 11 21 26  1.5  0.3 15.4  1.5  6.2 NNE ENE      STEEP  5.8  59
2023 11 11 20 56  1.5  0.3 13.3  1.5  5.9 NNE ENE VERY_STEEP  5.6  57
2023 11 11 20 26  1.6  0.3 14.3  1.5  6.7 NNE ENE      STEEP  5.5  62
2023 11 11 19 56  1.6  0.3 14.3  1.6  5.9 NNE ENE VERY_STEEP  5.3  63
2023 11 11 19 26  1.6  0.3 15.4  1.6  6.7 NNE ENE      STEEP  5.3  57
2023 11 11 18 56  1.6  0.3 15.4  1.6  5.9 NNE ENE VERY_STEEP  5.4  63
2023 11 11 18 26  1.6  0.3 14.3  1.6  6.7 NNE  NE      STEEP  5.3  56
2023 11 11 17 56  1.7  0.3 15.4  1.7  6.2   N  NE VERY_STEEP  5.3  56
2023 11 11 17 26  1.7  0.3 14.3  1.6  6.2 NNE ENE VERY_STEEP  5.3  60
2023 11 11 16 56  1.6  0.3 14.3  1.6  6.7 NNE  NE      STEEP  5.4  52
2023 11 11 16 26  1.6  0.3 14.3  1.6  6.7 NNE  NE      STEEP  5.5  52
2023 11 11 15 56  1.5  0.3 15.4  1.5  7.1 NNE  NE      STEEP  5.4  53
2023 11 11 15 26  1.6  0.2 13.3  1.6  6.7 NNE  NE      STEEP  5.7  56
2023 11 11 14 56  1.6  0.2 13.3  1.6  6.7 NNE ENE      STEEP  5.5  57
2023 11 11 14 26  1.7  0.2 11.8  1.6  6.7   N  NE      STEEP  5.6  56
2023 11 11 13 56  1.5  0.2 12.5  1.5  6.7 NNE  NE      STEEP  5.4  53
2023 11 11 13 26  1.5  0.3 14.3  1.5  7.1 NNE  NE      STEEP  5.6  52
2023 11 11 12 56  1.5  0.2 11.1  1.5  6.7 NNE  NE      STEEP  5.8  55
2023 11 11 12 26  1.5  0.2 14.3  1.5  6.7 NNE  NE      STEEP  5.7  56
2023 11 11 11 56  1.6  0.2 11.1  1.6  7.1 NNE  NE      STEEP  5.8  49
2023 11 11 11 26  1.5  0.3 14.3  1.5  6.7 NNE  NE      STEEP  5.8  55
2023 11 11 10 56  1.5  0.2 14.3  1.5  7.1 NNE  NE      STEEP  5.6  52
2023 11 11 10 26  1.5  0.2 14.3  1.5  6.7 NNE  NE      STEEP  5.6  55
2023 11 11 09 56  1.5  0.3 14.3  1.5  6.7 NNE  NE      STEEP  5.6  49
2023 11 11 09 26  1.7  0.3 11.8  1.7  7.1 NNE  NE      STEEP  5.6  49
2023 11 11 08 56  1.7  0.3 14.3  1.7  6.2 NNE  NE VERY_STEEP  5.7  49
2023 11 11 08 26  1.6  0.3 11.8  1.6  7.7  NE  NE    AVERAGE  5.5  53
2023 11 11 07 56  1.6  0.2 14.3  1.6  6.7 NNE  NE      STEEP  5.5  52
2023 11 11 07 26  1.5  0.2 11.8  1.4  7.1 NNE  NE      STEEP  5.5  53
2023 11 11 06 56  1.5  0.2 14.3  1.5  7.1 NNE  NE      STEEP  5.5  50
2023 11 11 06 26  1.5  0.3 11.8  1.5  7.1 NNE  NE      STEEP  5.6  52
2023 11 11 05 56  1.5  0.2 12.5  1.4  7.1   N  NE      STEEP  5.6  50
2023 11 11 05 26  1.4  0.2 14.3  1.4  7.1 NNE  NE      STEEP  5.6  52
2023 11 11 04 56  1.4  0.2 11.8  1.4  6.7 NNE  NE      STEEP  5.5  46
2023 11 11 04 26  1.4  0.2 12.5  1.3  7.1 NNE  NE      STEEP  5.4  45
2023 11 11 03 56  1.4  0.2 12.5  1.4  6.7 NNE  NE      STEEP  5.4  46
2023 11 11 03 26  1.4  0.2 12.5  1.4  6.7 NNE  NE      STEEP  5.5  55
2023 11 11 02 56  1.4  0.2 11.1  1.4  7.1 NNE  NE      STEEP  5.6  47
2023 11 11 02 26  1.4  0.2 11.8  1.3  7.1 NNE  NE      STEEP  5.6  45
2023 11 11 01 56  1.3  0.2 12.5  1.3  6.7 NNE  NE      STEEP  5.7  42
2023 11 11 01 26  1.3  0.2 14.3  1.3  6.2 NNE  NE      STEEP  5.6  45
2023 11 11 00 56  1.4  0.2 10.5  1.3  7.1 NNE  NE      STEEP  5.7  43
2023 11 11 00 26  1.3  0.2 11.8  1.2  6.2 NNE  NE      STEEP  5.5  49
2023 11 10 23 56  1.4  0.2 12.5  1.4  6.7 NNE  NE      STEEP  5.8  50
2023 11 10 23 26  1.3  0.2 12.5  1.3  7.1 NNE  NE    AVERAGE  5.8  43
2023 11 10 22 56  1.3  0.3 12.5  1.2  6.7 NNE  NE      STEEP  5.8  42
2023 11 10 22 26  1.3  0.2 12.5  1.3  6.7 NNE  NE      STEEP  5.8  42
2023 11 10 21 56  1.3  0.2 10.5  1.3  6.7  NE  NE      STEEP  5.8  46
2023 11 10 21 26  1.2  0.2 11.1  1.2  7.7 NNE  NE    AVERAGE  5.6  35
2023 11 10 20 56  1.3  0.2 12.5  1.3  6.2 NNE  NE      STEEP  5.7  46
2023 11 10 20 26  1.3  0.2 12.5  1.2  6.2   N  NE      STEEP  5.6  38
2023 11 10 19 56  1.3  0.2 11.1  1.3  6.7  NE  NE      STEEP  5.6  39
2023 11 10 19 26  1.2  0.3 11.1  1.2  6.7 NNE  NE      STEEP  5.4  39
2023 11 10 18 56  1.2  0.2 11.1  1.2  6.7 NNE NNE      STEEP  5.3  31
2023 11 10 18 26  1.3  0.2 10.5  1.3  6.2 NNE  NE      STEEP  5.3  38
2023 11 10 17 56  1.3  0.2 11.1  1.3  6.2 NNE  NE      STEEP  5.3  45
2023 11 10 17 26  1.2  0.3 12.5  1.2  6.2 NNE  NE      STEEP  5.2  47
2023 11 10 16 56  1.2  0.2 11.8  1.2  5.9 NNE  NE      STEEP  5.2  47
2023 11 10 16 26  1.2  0.3 12.5  1.2  6.2 NNE  NE      STEEP  5.1  46
2023 11 10 15 56  1.3  0.2 11.8  1.2  5.9 NNE  NE      STEEP  5.1  46
2023 11 10 15 26  1.3  0.3 12.5  1.3  5.9 NNE ENE      STEEP  5.0  59
2023 11 10 14 56  1.3  0.3 11.8  1.2  6.2 NNE  NE      STEEP  5.3  43
2023 11 10 14 26  1.4  0.3 10.5  1.3  5.9 NNE  NE      STEEP  5.4  49
2023 11 10 13 56  1.3  0.3 10.5  1.3  6.2   N  NE      STEEP  5.2  46
2023 11 10 13 26  1.2  0.3 11.8  1.2  5.9 NNE  NE      STEEP  5.1  56
2023 11 10 12 56  1.3  0.3 11.8  1.3  5.9 NNE  NE      STEEP  5.2  53
2023 11 10 12 26  1.3  0.3 11.8  1.2  6.2 NNE  NE      STEEP  5.4  43
2023 11 10 11 56  1.3  0.3 12.5  1.3  6.2 NNE  NE      STEEP  5.5  47
2023 11 10 11 26  1.2  0.3 12.5  1.2  5.9 NNE  NE      STEEP  5.3  49
2023 11 10 10 56  1.2  0.3 11.1  1.1  5.9 NNE  NE      STEEP  5.4  49
2023 11 10 10 26  1.2  0.3 12.5  1.1  5.6 NNE  NE VERY_STEEP  5.4  43
2023 11 10 09 56  1.2  0.3 12.5  1.2  6.2 NNE  NE      STEEP  5.4  49
2023 11 10 09 26  1.2  0.3 11.1  1.1  5.9 NNE  NE      STEEP  5.3  45
2023 11 10 08 56  1.2  0.3 12.5  1.2  6.2 NNE  NE      STEEP  5.4  39
2023 11 10 08 26  1.2  0.3 11.8  1.1  6.2 NNE  NE      STEEP  5.4  42
2023 11 10 07 56  1.2  0.3 11.1  1.1  6.2 NNE  NE      STEEP  5.3  38
2023 11 10 07 26  1.3  0.3 12.5  1.2  5.9 NNE  NE      STEEP  5.3  38
2023 11 10 06 56  1.2  0.3 12.5  1.2  5.6 NNE  NE VERY_STEEP  5.2  50
2023 11 10 06 26  1.2  0.3 11.1  1.1  5.3 NNE  NE VERY_STEEP  5.4  50
2023 11 10 05 56  1.0  0.3 13.3  1.0  5.6 NNE  NE      STEEP  5.3  43
2023 11 10 05 26  1.1  0.3 12.5  1.0  6.2 NNE NNE      STEEP  5.4  28
2023 11 10 04 56  1.1  0.3 12.5  1.1  6.2 NNE  NE      STEEP  5.4  35
2023 11 10 04 26  1.1  0.3 12.5  1.0  5.9 NNE  NE      STEEP  5.1  40
2023 11 10 03 56  1.1  0.3 13.3  1.0  6.7 NNE NNE    AVERAGE  5.3  28
2023 11 10 03 26  1.1  0.3 12.5  1.1  5.6 NNE  NE      STEEP  5.2  49
2023 11 10 02 56  1.0  0.3 12.5  1.0  5.9 NNE  NE      STEEP  5.1  47
2023 11 10 02 26  1.1  0.3 13.3  1.1  5.6 NNE  NE      STEEP  5.3  50
2023 11 10 01 56  1.1  0.3 12.5  1.1  5.6 NNE  NE      STEEP  5.4  53
2023 11 10 01 26  1.1  0.3 12.5  1.0  5.6 NNE  NE      STEEP  5.4  55
2023 11 10 00 56  1.1  0.3 13.3  1.0  5.6 NNE  NE      STEEP  5.3  55
2023 11 10 00 26  1.1  0.3 12.5  1.0  5.9 NNE  NE      STEEP  5.3  55
2023 11 09 23 56  1.0  0.3 13.3  1.0  5.9   N  NE      STEEP  5.2  43
2023 11 09 23 26  1.1  0.3 12.5  1.1  6.2 NNE  NE      STEEP  5.3  40
2023 11 09 22 56  1.2  0.3 13.3  1.1  5.6 NNE  NE VERY_STEEP  5.3  46
2023 11 09 22 26  1.3  0.3 12.5  1.2  5.9 NNE  NE      STEEP  5.2  43
2023 11 09 21 56  1.3  0.3 12.5  1.2  5.9 NNE  NE      STEEP  5.2  42
2023 11 09 21 26  1.3  0.3 12.5  1.3  6.2 NNE  NE      STEEP  5.1  39
2023 11 09 20 56  1.3  0.3 11.8  1.3  6.2 NNE NNE      STEEP  4.9  28
2023 11 09 20 26  1.4  0.3 12.5  1.4  5.9 NNE NNE VERY_STEEP  4.7  33
2023 11 09 19 56  1.3  0.3 12.5  1.3  5.6 NNE NNE VERY_STEEP  4.5  28
2023 11 09 19 26  1.3  0.3 14.3  1.3  5.6 NNE  NE VERY_STEEP  4.6  39
2023 11 09 18 56  1.3  0.3 12.5  1.3  5.6 NNE NNE VERY_STEEP  4.8  31
2023 11 09 18 26  1.2  0.3 13.3  1.1  5.3 NNE  NE VERY_STEEP  5.0  38
2023 11 09 17 56  1.1  0.4 13.3  1.0  5.9 NNE NNE      STEEP  5.3  28
2023 11 09 17 26  1.0  0.3 11.8  1.0  6.2 NNE NNE      STEEP  4.7  21
2023 11 09 16 56  0.9  0.3 13.3  0.9  5.0 NNE  NE VERY_STEEP  4.8  55
2023 11 09 16 26  0.9  0.4 13.3  0.8  8.3 NNE  NE    AVERAGE  5.2  29
2023 11 09 15 56  0.9  0.4 12.5  0.8  8.3 NNE NNE    AVERAGE  5.2  15
2023 11 09 15 26  0.9  0.3 12.5  0.8  7.7 NNE NNE    AVERAGE  5.0  19
2023 11 09 14 56  0.9  0.3 14.3  0.8  8.3 NNE  NE    AVERAGE  5.0  43
2023 11 09 14 26  0.9  0.4 12.5  0.8  4.5 NNE ENE VERY_STEEP  4.9  62
2023 11 09 13 56  0.9  0.4 12.5  0.8  8.3 NNE  NE    AVERAGE  5.4  36
2023 11 09 13 26  0.9  0.4 12.5  0.8  7.7 NNE NNE    AVERAGE  5.6  24
2023 11 09 12 56  1.0  0.5 12.5  0.9  4.8 NNE  NE    AVERAGE  5.8  24
2023 11 09 12 26  0.9  0.4 12.5  0.8  8.3 NNE NNE    AVERAGE  5.7  29
2023 11 09 11 56  0.9  0.4 11.1  0.8  5.3 NNE  NE    AVERAGE  5.4  19
2023 11 09 11 26  0.9  0.4 12.5  0.8  4.8 NNE ENE    AVERAGE  5.6  26
2023 11 09 10 56  1.0  0.4 12.5  0.9  4.5 NNE ENE VERY_STEEP  5.4  57
2023 11 09 10 26  0.9  0.4 13.3  0.8  8.3 NNE NNE    AVERAGE  5.5  29
2023 11 09 09 56  0.9  0.4 12.5  0.8  9.1 NNE NNE    AVERAGE  5.6  26
2023 11 09 09 26  0.9  0.4 10.5  0.8  4.5 NNE ENE VERY_STEEP  5.6  57
2023 11 09 08 56  1.0  0.4 12.5  0.9  4.8 NNE  NE    AVERAGE  5.5  18
2023 11 09 08 26  1.0  0.4 12.5  0.9  4.5 NNE  NE    AVERAGE  5.5  22
2023 11 09 07 56  0.9  0.4 11.1  0.9  4.5 NNE  NE    AVERAGE  5.5  19
2023 11 09 07 26  0.9  0.4 13.3  0.8  8.3 NNE NNE    AVERAGE  5.5  22
2023 11 09 06 56  0.9  0.5 13.3  0.8  6.7 NNE   N    AVERAGE  6.1  17
2023 11 09 06 26  0.9  0.5 12.5  0.8  8.3 NNE NNE    AVERAGE  6.0  19
2023 11 09 05 56  0.8  0.4 13.3  0.8  9.9 NNE NNE    AVERAGE  5.9  25
2023 11 09 05 26  0.9  0.5 13.3  0.8  7.1 NNE   N    AVERAGE  6.0  24
2023 11 09 04 56  0.9  0.5 13.3  0.8  9.1 NNE NNE    AVERAGE  6.1  25
2023 11 09 04 26  0.8  0.4 12.5  0.8  9.9 NNE NNE    AVERAGE  6.0  18
2023 11 09 03 56  0.9  0.5 12.5  0.8  9.9 NNE NNE    AVERAGE  6.0  17
2023 11 09 03 26  0.8  0.4 13.3  0.7  7.1 NNE   N    AVERAGE  6.0  24
2023 11 09 02 56  0.9  0.4 11.8  0.8  7.1 NNE   N    AVERAGE  5.7  17
2023 11 09 02 26  0.9  0.5 12.5  0.7  9.9   N NNE    AVERAGE  5.5  10
2023 11 09 01 56  0.8  0.4 13.3  0.7  9.9 NNE NNE    AVERAGE  5.6  17
2023 11 09 01 26  0.9  0.4 11.1  0.8  7.1 NNE   N    AVERAGE  5.5  10
2023 11 09 00 56  0.9  0.4 10.5  0.8  7.1 NNE NNE    AVERAGE  6.1  19
2023 11 09 00 26  0.8  0.4 10.5  0.7  7.1 NNE   N    AVERAGE  6.5   8
2023 11 08 23 56  0.8  0.4 13.3  0.7  9.9 NNE NNE        N/A  6.4  22
2023 11 08 23 26  0.8  0.4 13.3  0.8  7.1 NNE NNE    AVERAGE  6.5  25
2023 11 08 22 56  0.8  0.4 13.3  0.8  7.7 NNE NNE    AVERAGE  6.3  19
2023 11 08 22 26  0.9  0.4 12.5  0.8  8.3 NNE NNE    AVERAGE  6.2  25
2023 11 08 21 56  0.9  0.5 11.1  0.8  7.7 NNE NNE    AVERAGE  6.3  18
2023 11 08 21 26  0.9  0.5 11.8  0.8  9.1  NE NNE    AVERAGE  6.2  39
2023 11 08 20 56  0.9  0.4 13.3  0.8  7.7 NNE NNE    AVERAGE  5.8  24
2023 11 08 20 26  1.0  0.5 12.5  0.8  8.3 NNE NNE    AVERAGE  5.6  28
2023 11 08 19 56  1.0  0.5 13.3  0.9  9.1 NNE NNE    AVERAGE  5.5  18
2023 11 08 19 26  0.9  0.4 13.3  0.8  7.7 NNE NNE    AVERAGE  5.4  18
2023 11 08 18 56  1.0  0.4 11.8  0.9  8.3 NNE NNE    AVERAGE  5.6  28
2023 11 08 18 26  1.0  0.5 12.5  0.9  8.3 NNE  NE    AVERAGE  5.3  36
2023 11 08 17 56  1.0  0.5 12.5  0.9  9.1 NNE NNE    AVERAGE  5.0  28
2023 11 08 17 26  1.0  0.5 12.5  0.9  8.3 NNE NNE    AVERAGE  5.3  26
2023 11 08 16 56  1.0  0.5 12.5  0.9  8.3 NNE NNE    AVERAGE  5.4  31
2023 11 08 16 26  0.9  0.4 13.3  0.8  8.3 NNE NNE    AVERAGE  5.5  26
2023 11 08 15 56  0.9  0.4 14.3  0.8  8.3 NNE  NE    AVERAGE  5.6  40
2023 11 08 15 26  1.0  0.5 12.5  0.9  8.3 NNE NNE    AVERAGE  5.6  32
2023 11 08 14 56  1.0  0.4 12.5  0.9  9.1 NNE NNE    AVERAGE  5.2  28
2023 11 08 14 26  1.0  0.5 12.5  0.9  9.1 NNE NNE    AVERAGE  5.4  26
2023 11 08 13 56  1.0  0.5 14.3  0.9  8.3 NNE NNE    AVERAGE  5.6  28
2023 11 08 13 26  0.9  0.5 13.3  0.8  9.1 NNE NNE    AVERAGE  6.0  24
2023 11 08 12 56  1.0  0.5 13.3  0.9  8.3 NNE  NE    AVERAGE  5.9  39
2023 11 08 12 26  0.9  0.5 13.3  0.8  8.3 NNE NNE    AVERAGE  6.3  26
2023 11 08 11 56  0.9  0.5 13.3  0.8  8.3 NNE NNE    AVERAGE  6.0  24
2023 11 08 11 26  1.0  0.5 14.3  0.8  9.1 NNE NNE    AVERAGE  6.3  17
2023 11 08 10 56  0.9  0.5 13.3  0.8  8.3 NNE NNE    AVERAGE  6.1  22
2023 11 08 10 26  1.0  0.6 13.3  0.9  8.3 NNE NNE    AVERAGE  6.4  26
2023 11 08 09 56  1.1  0.5 12.5  0.9  8.3 NNE  NE    AVERAGE  6.0  19
2023 11 08 09 26  1.0  0.5 13.3  0.9  9.1 NNE NNE    AVERAGE  6.1  21
2023 11 08 08 56  1.0  0.6 13.3  0.9  9.1 NNE NNE    AVERAGE  6.3  31
2023 11 08 08 26  1.0  0.5 13.3  0.8  9.9 NNE NNE    AVERAGE  6.1  18
2023 11 08 07 56  1.0  0.5 12.5  0.8  9.1 NNE  NE    AVERAGE  6.5  24
2023 11 08 07 26  1.0  0.6 13.3  0.9  9.1 NNE  NE    AVERAGE  6.7  24
2023 11 08 06 56  1.0  0.5 12.5  0.9  9.1 NNE  NE    AVERAGE  7.1  35
2023 11 08 06 26  0.9  0.5 13.3  0.8  9.9 NNE NNE    AVERAGE  7.6  18
2023 11 08 05 56  0.9  0.6 10.5  0.8  9.1 NNE  NE    AVERAGE  8.0  21
2023 11 08 05 26  0.9  0.5 12.5  0.8  9.1 NNE NNE    AVERAGE  8.0  24
2023 11 08 04 56  1.0  0.6 13.3  0.8  9.1 NNE NNE    AVERAGE  8.4  18
2023 11 08 04 26  0.9  0.6 10.5  0.8  9.9 NNE NNE    AVERAGE  8.1  31
2023 11 08 03 56  0.9  0.6 10.5  0.7  9.1 NNE NNE    AVERAGE  8.0  25
2023 11 08 03 26  0.9  0.6 10.5  0.7  9.1 NNE NNE    AVERAGE  8.0  22
2023 11 08 02 56  1.0  0.6 11.1  0.8  9.9 NNE NNE    AVERAGE  8.3  25
2023 11 08 02 26  1.0  0.6 10.5  0.8  9.9 NNE NNE    AVERAGE  8.2  31
2023 11 08 01 56  0.9  0.6 12.5  0.7  9.1 NNE NNE    AVERAGE  8.1  19
2023 11 08 01 26  1.1  0.7 11.1  0.8  9.1 NNE  NE    AVERAGE  8.2  21
2023 11 08 00 56  1.0  0.7 11.8  0.7  9.1 NNE NNE      SWELL  8.4  25
2023 11 08 00 26  1.0  0.6 11.8  0.8  9.1   N NNE    AVERAGE  8.2  10
2023 11 07 23 56  1.0  0.7 12.5  0.8  7.7 NNE NNE    AVERAGE  8.1  19
2023 11 07 23 26  1.0  0.7 12.5  0.8  9.1 NNE NNE    AVERAGE  8.1  18
2023 11 07 22 56  1.0  0.7 13.3  0.7  9.1 NNE NNE      SWELL  8.1  25
2023 11 07 22 26  1.1  0.7 11.1  0.8  8.3 NNE NNE    AVERAGE  8.2  28
2023 11 07 21 56  1.0  0.6 13.3  0.8  9.1 NNE NNE    AVERAGE  7.8  15
2023 11 07 21 26  1.0  0.7 14.3  0.7  8.3 NNE NNE      SWELL  8.1  21
2023 11 07 20 56  1.0  0.7 12.5  0.8  9.9 NNE NNE    AVERAGE  8.4  25
2023 11 07 20 26  1.0  0.6 11.1  0.7  8.3 NNE NNE    AVERAGE  8.0  26
2023 11 07 19 56  1.0  0.6 14.3  0.8  9.9 NNE NNE    AVERAGE  8.2  17
2023 11 07 19 26  1.0  0.7 14.3  0.7  8.3 NNE NNE      SWELL  8.6  22
2023 11 07 18 56  1.0  0.7 11.8  0.8  9.9 NNE NNE    AVERAGE  8.3  21
2023 11 07 18 26  1.0  0.7 14.3  0.7  8.3 NNE  NE      SWELL  8.5  18
2023 11 07 17 56  1.1  0.7 14.3  0.8  7.7 NNE NNE    AVERAGE  8.4  15
2023 11 07 17 26  0.9  0.6 14.3  0.8  9.9 NNE NNE    AVERAGE  8.3  19
2023 11 07 16 56  1.0  0.7 14.3  0.8  9.1 NNE  NE    AVERAGE  8.3  14
2023 11 07 16 26  0.9  0.6 13.3  0.8  8.3   N NNE    AVERAGE  7.9  33
2023 11 07 15 56  0.9  0.6 14.3  0.8  8.3 NNE NNE    AVERAGE  8.0  14
2023 11 07 15 26  1.0  0.7 14.3  0.8  8.3 NNE  NE    AVERAGE  8.3  19
2023 11 07 14 56  1.1  0.6 13.3  0.9  8.3 NNE NNE    AVERAGE  8.1  29
2023 11 07 14 26  1.0  0.6 13.3  0.9  9.1 NNE  NE    AVERAGE  8.0  25
2023 11 07 13 56  1.0  0.6 13.3  0.8  9.1 NNE NNE    AVERAGE  8.2  21
2023 11 07 13 26  1.0  0.6 12.5  0.8  8.3 NNE NNE    AVERAGE  8.2  29
2023 11 07 12 56  1.1  0.7 13.3  0.9  8.3 NNE NNE    AVERAGE  8.3  18
2023 11 07 12 26  1.0  0.6 14.3  0.8  8.3 NNE NNE    AVERAGE  8.0  29
2023 11 07 11 56  1.0  0.6 14.3  0.8  9.1 NNE NNE    AVERAGE  8.1  28
2023 11 07 11 26  0.9  0.5 14.3  0.8  8.3 NNE NNE    AVERAGE  7.8  33
2023 11 07 10 56  1.0  0.6 13.3  0.8  8.3 NNE NNE    AVERAGE  8.0  21
2023 11 07 10 26  1.0  0.6 13.3  0.8  9.1 NNE NNE    AVERAGE  8.2  15
2023 11 07 09 56  1.0  0.6 14.3  0.8  8.3 NNE NNE    AVERAGE  8.1  19
2023 11 07 09 26  1.0  0.6 13.3  0.8  8.3 NNE NNE    AVERAGE  8.1  15
2023 11 07 08 56  1.1  0.6 14.3  0.9  8.3 NNE NNE    AVERAGE  8.0  15
2023 11 07 08 26  1.0  0.5 14.3  0.8  8.3 NNE NNE    AVERAGE  7.7  21
2023 11 07 07 56  0.9  0.5 14.3  0.8  9.1 NNE NNE    AVERAGE  7.7  24
2023 11 07 07 26  1.0  0.6 14.3  0.8  8.3 NNE NNE    AVERAGE  8.1  15
2023 11 07 06 56  1.0  0.5 14.3  0.9  8.3 NNE NNE    AVERAGE  7.8  25
2023 11 07 06 26  1.0  0.6 14.3  0.8  8.3 NNE NNE    AVERAGE  8.2  17
2023 11 07 05 56  1.0  0.5 15.4  0.8  8.3 NNE NNE    AVERAGE  7.7  15
2023 11 07 05 26  1.0  0.5 14.3  0.8  8.3 NNE NNE    AVERAGE  7.5  14
2023 11 07 04 56  1.1  0.6 15.4  0.9  9.1 NNE NNE    AVERAGE  7.9  15
2023 11 07 04 26  1.1  0.5 15.4  0.9  7.7 NNE NNE    AVERAGE  7.7  17
2023 11 07 03 56  1.1  0.6 15.4  0.9  9.1   N NNE    AVERAGE  7.6   8
2023 11 07 03 26  1.0  0.5 14.3  0.8  8.3 NNE NNE    AVERAGE  7.3  14
2023 11 07 02 56  1.1  0.5 15.4  0.9  9.1 NNE NNE    AVERAGE  7.4  22
2023 11 07 02 26  1.0  0.5 14.3  0.9  8.3 NNE NNE    AVERAGE  7.3  19
2023 11 07 01 56  1.1  0.5 15.4  1.0  8.3   N NNE    AVERAGE  7.1  21
2023 11 07 01 26  1.0  0.5 15.4  0.9  9.1 NNE NNE    AVERAGE  7.0  14
2023 11 07 00 56  1.1  0.5 14.3  1.0  9.1 NNE   N    AVERAGE  7.3  21
2023 11 07 00 26  1.1  0.5 15.4  1.0  9.1 NNE NNE    AVERAGE  7.4  12
2023 11 06 23 56  1.1  0.5 14.3  1.0  9.1 NNE   N    AVERAGE  7.3  10
2023 11 06 23 26  1.1  0.5 15.4  1.1  9.1 NNE   N    AVERAGE  7.3  11
2023 11 06 22 56  1.1  0.4 11.1  1.0  9.1 NNE   N    AVERAGE  6.9   8
2023 11 06 22 26  1.1  0.5 15.4  1.1  9.1 NNE NNE    AVERAGE  7.1  15
2023 11 06 21 56  1.1  0.5 15.4  1.0  9.1 NNE   N    AVERAGE  7.1  11
2023 11 06 21 26  1.1  0.5 15.4  1.0  9.1 NNE NNE    AVERAGE  7.2  14
2023 11 06 20 56  1.1  0.5 15.4  1.0  8.3 NNE NNE    AVERAGE  7.2  12
2023 11 06 20 26  1.0  0.5 15.4  0.9  9.1 NNE NNE    AVERAGE  7.0  21
2023 11 06 19 56  1.1  0.4 15.4  1.0  9.1 NNE NNE    AVERAGE  7.0  15
2023 11 06 19 26  1.1  0.4 10.5  1.1  9.1   N NNE    AVERAGE  7.0  14
2023 11 06 18 56  1.1  0.4 15.4  1.1  9.1   N NNE    AVERAGE  6.9  12
2023 11 06 18 26  1.2  0.5 10.5  1.2  9.9 NNE   N    AVERAGE  7.3   8
2023 11 06 17 56  1.2  0.5 10.5  1.1  9.1 NNE   N    AVERAGE  7.1   7
2023 11 06 17 26  1.1  0.5 10.5  1.1  9.1 NNE   N    AVERAGE  7.1   7
2023 11 06 16 56  1.2  0.5 10.5  1.1  9.1 NNE   N    AVERAGE  7.2   8
2023 11 06 16 26  1.2  0.5 10.5  1.1  9.9 NNE NNE    AVERAGE  7.3  15